172	176	161	128	153
177	140	125	187	154
131	121	159	158	108
222	176	108	100	124
227	108	207	203	132
160	196	104	152	112
230	157	159	101	153
235	213	212	160	118
150	116	127	187	116
215	197	103	249	113
130	114	117	159	121
242	207	165	102	103
134	184	207	99	110
214	156	161	136	139
230	160	199	105	140
196	117	168	216	111
122	113	155	118	125
194	204	184	178	110
127	201	144	242	114
249	107	116	240	140
168	128	113	254	128
176	154	181	245	119
128	163	207	122	138
193	99	171	217	130
186	136	120	144	143
230	148	160	105	133
179	113	114	184	141
245	115	157	113	151
153	205	161	133	129
161	209	125	183	145
161	161	134	220	106
108	194	168	154	100
122	198	125	238	123
181	204	186	101	118
168	210	184	250	123
107	197	103	158	152
213	147	183	126	141
226	179	105	137	114
131	141	209	235	157
152	195	178	245	137
170	178	174	213	114
244	202	106	219	139
170	159	133	138	104
172	124	218	218	144
156	206	184	140	123
185	116	110	248	138
240	136	159	197	154
148	212	140	237	154
251	207	179	99	114
209	170	165	242	100
230	161	149	188	145
186	186	194	136	144
241	136	200	142	150
228	100	145	182	133
238	138	152	158	126
106	171	120	243	141
107	160	188	228	137
125	101	149	202	123
166	121	139	243	133
203	197	137	139	112
252	192	135	166	150
226	140	212	146	155
200	99	100	209	99
118	198	116	197	134
238	180	140	239	144
252	123	169	187	106
239	129	106	194	156
225	187	177	104	142
135	171	159	230	103
244	198	112	243	127
191	108	177	116	101
144	176	190	196	133
133	217	173	121	149
164	100	180	150	126
220	169	196	200	127
159	126	142	239	149
100	178	138	244	134
124	106	146	235	133
112	179	150	228	107
106	105	111	237	143
191	174	177	163	132
135	178	207	190	121
150	190	202	233	100
209	105	169	251	144
103	212	166	119	129
233	210	158	249	118
103	100	103	252	133
146	131	203	143	110
119	158	194	194	156
99	184	144	235	137
153	139	123	151	121
252	173	138	133	147
112	143	155	125	115
156	200	162	130	156
177	209	117	254	139
144	112	129	107	128
163	110	188	252	120
122	177	119	104	104
126	196	123	177	129
190	208	214	239	115
124	204	189	234	120
221	118	136	132	100
190	193	171	103	151
158	101	197	249	140
199	153	127	251	154
202	194	124	254	123
137	134	159	236	128
109	130	134	179	155
181	101	211	184	143
104	139	118	121	108
104	106	153	113	157
243	194	125	165	157
143	105	194	191	144
177	214	208	172	112
235	125	147	122	111
119	195	130	165	129
209	138	179	169	153
198	173	202	107	141
136	217	159	101	110
248	101	196	231	113
176	158	204	127	153
109	139	139	149	109
224	151	209	142	151
241	195	203	113	108
158	168	101	200	129
103	207	116	163	105
200	181	206	257	135
202	128	121	200	117
212	201	198	134	154
147	204	136	103	127
106	140	215	125	127
240	165	169	241	100
112	157	174	254	118
173	214	131	191	141
170	205	109	250	132
159	141	116	135	152
110	176	156	249	116
133	207	139	208	102
252	100	120	203	114
226	139	101	107	125
213	197	163	162	130
191	107	215	245	113
107	217	99	157	129
225	148	171	232	148
112	138	154	226	125
201	119	130	211	151
118	118	127	229	136
151	209	213	212	133
177	106	137	249	143
177	113	144	238	126
171	102	181	192	150
224	126	188	134	151
220	118	169	155	157
234	118	111	103	112
178	104	180	235	129
113	111	143	210	125
248	118	101	149	122
189	148	186	178	144
134	129	180	195	134
110	204	213	207	149
220	103	123	179	100
109	171	197	219	108
182	175	197	223	124
105	113	121	160	102
144	216	169	194	152
191	183	218	167	134
142	119	214	184	153
248	213	156	256	132
215	164	118	101	148
180	151	135	187	101
200	141	135	105	127
251	213	141	232	115
137	189	110	149	106
214	210	171	157	110
194	201	203	110	141
197	211	150	219	128
193	131	126	247	126
207	185	171	101	112
178	117	130	178	143
248	156	197	120	111
186	113	196	120	106
139	117	152	128	150
117	127	185	197	127
220	134	170	230	115
147	133	100	246	141
213	117	205	163	104
236	134	179	116	113
186	154	127	105	101
143	168	118	251	131
161	136	147	216	145
165	188	159	191	138
190	191	121	116	156
111	162	106	156	131
107	158	120	104	134
214	205	102	131	154
217	170	111	247	143
102	163	126	104	155
171	124	201	127	154
237	146	198	245	140
125	118	181	217	124
231	165	155	256	152
195	217	174	182	116
244	123	174	165	99
213	181	103	200	136
232	103	168	253	99
180	127	208	220	144
201	178	210	233	143
117	117	110	131	130
110	204	107	186	118
198	117	144	108	106
233	159	158	104	127
213	162	179	252	150
210	187	174	253	103
121	117	187	122	141
250	153	216	145	110
130	103	121	99	101
196	125	154	114	156
123	190	153	157	137
214	145	195	193	101
202	203	180	124	108
239	117	146	152	133
170	216	176	123	125
126	128	136	233	122
231	119	116	165	142
201	142	162	235	149
136	176	200	209	118
243	117	157	102	100
153	177	123	127	154
216	152	216	142	149
252	105	147	136	145
156	113	208	149	140
146	124	198	131	131
174	123	196	184	136
203	199	198	105	133
130	170	152	127	155
224	200	137	203	134
200	127	163	199	132
197	145	214	107	115
251	187	179	120	140
224	102	143	139	136
179	194	207	232	121
155	100	136	219	132
159	189	104	193	127
177	172	192	145	134
120	140	159	230	144
118	205	189	129	155
129	170	109	102	112
100	138	176	99	101
211	148	139	134	116
233	115	126	125	123
130	124	201	250	119
138	153	121	184	124
121	111	201	242	142
194	172	127	114	139
199	173	150	203	108
134	130	140	202	158
226	216	114	202	113
137	182	108	251	126
128	145	103	237	140
138	163	119	180	158
150	146	180	233	136
214	199	206	217	129
134	109	183	116	100
111	139	207	207	116
217	158	189	122	158
203	131	101	132	150
224	145	200	219	138
161	99	107	231	149
161	175	174	230	120
156	218	151	258	158
210	101	195	182	106
236	139	161	144	111
130	134	204	177	150
149	122	186	114	149
147	143	133	187	152
174	129	112	103	128
173	181	166	120	151
217	196	144	103	133
235	204	178	152	118
243	210	135	211	145
131	164	214	247	156
106	190	127	216	142
127	116	148	227	117
165	105	216	249	121
102	168	145	205	116
114	105	137	129	99
166	218	123	100	121
123	113	128	143	123
115	157	141	220	123
159	182	218	208	137
114	193	124	225	126
125	207	167	228	153
146	108	143	106	102
182	194	210	241	120
251	132	127	182	118
228	171	187	223	123
135	159	150	209	138
249	179	203	172	153
155	163	103	174	149
200	171	128	177	156
106	195	212	152	104
132	170	116	246	113
229	159	199	201	119
214	190	192	171	100
252	216	137	255	148
240	177	118	137	106
136	106	202	173	130
190	213	204	140	129
252	124	174	248	140
247	141	149	119	130
191	202	155	194	106
145	152	188	176	108
237	216	100	192	129
194	174	160	225	133
221	132	166	139	149
141	128	183	197	107
217	211	194	162	151
102	133	172	158	100
239	183	101	243	130
231	130	184	120	115
205	182	117	102	131
167	150	200	218	120
179	166	218	114	137
177	132	176	250	145
251	200	164	107	151
147	101	119	220	156
137	142	138	186	129
169	208	105	176	100
223	115	201	202	120
237	112	133	219	146
242	154	123	123	109
131	152	114	122	147
244	203	119	246	102
186	164	169	147	122
124	211	149	192	146
205	182	159	203	151
144	127	159	114	143
234	216	215	182	113
230	114	207	154	150
232	149	200	197	146
214	200	126	184	158
198	174	141	204	102
200	108	103	154	135
139	202	162	224	107
207	124	205	102	134
141	185	199	175	101
235	137	200	125	102
183	135	134	111	135
228	102	116	240	141
224	164	114	160	148
123	214	191	140	157
209	144	113	217	129
180	110	171	112	107
214	214	122	235	120
172	190	126	120	139
227	177	112	200	123
205	164	116	231	154
116	186	195	151	158
140	208	157	209	123
235	180	142	131	103
122	186	132	246	116
172	156	144	135	153
117	164	142	250	110
170	175	156	161	115
220	123	209	101	145
171	197	182	202	158
104	139	102	252	155
141	122	163	129	147
119	139	158	244	149
183	178	175	186	105
155	137	208	230	156
245	190	109	113	109
205	159	153	140	115
167	127	172	178	132
212	208	206	222	101
103	113	114	258	148
153	127	214	194	155
162	204	150	196	115
143	125	205	148	128
238	196	207	146	102
110	160	197	191	145
119	170	207	101	120
176	213	172	223	106
251	209	150	212	155
193	218	176	258	102
179	124	140	107	119
173	155	141	115	129
99	182	102	112	114
193	146	144	210	125
207	173	208	232	145
231	163	195	125	136
231	135	190	147	119
100	147	150	249	152
252	187	110	228	101
207	136	102	177	155
182	188	201	188	134
231	212	102	106	141
246	149	167	191	122
137	156	106	125	123
226	127	155	208	101
141	133	174	236	125
185	188	101	109	155
193	102	206	232	126
206	107	152	155	120
122	145	105	140	141
215	200	132	103	155
205	209	191	183	142
211	100	157	134	130
145	148	107	209	151
195	130	201	102	149
190	151	105	121	143
208	142	195	216	150
114	155	109	154	158
193	134	214	190	107
133	218	135	111	132
164	211	128	194	107
225	162	143	149	130
114	146	188	110	122
151	187	116	189	119
236	111	151	112	133
224	212	168	245	107
182	181	114	124	127
157	128	168	204	140
153	202	183	159	108
225	191	127	254	158
183	175	208	236	125
127	131	209	240	121
166	165	121	162	108
100	111	171	227	126
208	215	147	212	99
187	168	202	127	112
160	172	145	156	104
249	114	156	105	104
158	150	133	125	107
101	209	184	199	131
178	137	132	187	119
136	136	150	115	114
230	165	176	121	127
171	151	121	191	155
197	130	206	252	132
177	195	200	195	105
241	173	201	201	100
242	132	182	146	110
152	208	175	226	105
99	109	142	114	127
210	206	100	113	144
165	195	159	119	154
120	165	101	185	131
206	159	208	236	107
178	186	183	219	125
223	144	195	255	107
170	180	154	255	135
215	151	115	201	134
236	128	110	145	133
204	217	183	130	144
236	155	152	251	154
184	213	112	117	109
210	123	168	248	145
133	116	193	112	130
109	175	117	156	100
185	160	200	186	143
111	157	110	201	144
169	186	138	127	150
214	174	190	210	136
108	123	203	252	109
149	117	134	203	109
220	137	115	195	136
104	147	138	202	136
152	114	188	242	143
157	198	100	174	149
168	132	177	170	114
202	141	130	257	123
100	102	196	111	124
188	194	216	127	110
179	118	115	118	157
233	142	105	228	134
200	127	131	209	108
237	163	217	235	145
203	138	120	199	143
105	194	129	110	154
165	122	146	254	117
192	167	158	187	126
120	175	147	150	155
139	109	172	130	99
178	215	201	223	148
247	152	191	224	138
103	108	182	183	118
212	178	140	238	128
157	174	188	234	115
232	217	159	121	125
235	187	174	247	105
240	209	100	103	113
233	201	106	169	151
144	168	131	253	126
211	201	165	136	104
227	137	162	100	127
186	188	186	101	155
162	105	168	221	141
190	201	140	129	127
109	122	108	168	117
247	198	215	102	113
142	162	159	187	126
183	139	178	128	157
106	133	136	166	111
173	210	134	134	146
116	149	158	247	116
202	194	153	113	108
152	204	102	235	123
131	147	143	175	119
185	160	156	230	145
141	132	162	208	154
187	198	200	109	150
124	188	175	245	117
123	193	217	190	150
103	155	150	224	102
217	128	189	157	157
124	213	160	251	155
118	121	125	145	120
173	170	126	125	145
124	191	108	185	145
194	142	130	147	110
230	148	123	243	108
198	110	115	163	107
132	145	182	227	101
144	155	127	211	154
203	117	100	234	158
155	127	175	124	120
105	175	123	152	114
127	137	198	251	143
196	104	215	238	154
228	161	195	255	114
211	123	162	243	105
123	213	216	210	151
172	101	124	234	110
142	105	159	208	136
120	116	173	99	107
170	155	100	160	127
216	138	142	211	130
131	190	145	223	130
117	205	115	220	122
134	104	123	99	111
175	195	128	187	108
207	104	136	102	121
106	118	168	241	130
167	190	194	222	109
185	126	195	251	121
120	130	115	239	127
115	119	139	175	140
196	205	189	99	134
111	100	158	150	111
104	103	156	258	145
229	184	127	185	122
141	205	216	221	129
244	215	175	190	129
146	189	216	248	130
100	161	187	159	153
175	125	195	159	120
220	107	133	173	107
246	182	104	101	141
139	150	207	254	155
134	195	144	141	145
219	130	176	121	106
174	137	176	115	100
168	124	195	217	130
248	208	149	234	130
219	143	205	236	137
100	176	158	154	106
165	196	171	179	142
122	170	211	173	119
115	203	188	247	117
219	126	171	256	113
112	107	173	151	137
220	184	205	126	112
239	109	106	118	140
240	142	100	184	128
109	177	164	258	133
137	182	148	132	111
212	172	114	113	131
187	195	189	176	151
173	155	207	141	142
179	185	135	243	152
252	211	177	136	152
239	164	208	243	103
237	204	116	178	148
237	153	159	202	105
130	149	185	114	100
250	125	116	160	114
201	210	178	215	136
192	165	205	109	143
109	160	199	132	115
168	182	197	242	126
148	188	122	168	125
123	103	190	218	105
203	114	145	187	116
123	126	140	235	102
111	146	186	99	101
102	149	216	248	124
209	114	207	189	107
204	165	134	109	153
170	105	218	244	145
205	179	155	111	114
106	182	158	187	157
200	128	186	128	132
112	132	104	107	125
133	214	167	150	144
213	191	169	168	154
230	107	116	244	112
201	217	195	129	151
244	194	198	115	138
223	187	178	233	154
150	131	151	176	121
135	100	210	225	101
247	122	146	142	133
239	200	116	164	125
128	186	134	187	113
122	165	156	160	110
213	170	142	189	104
233	210	208	257	133
233	182	134	180	157
139	118	168	202	103
226	209	124	130	112
160	155	101	254	135
164	131	195	230	128
165	160	118	226	126
147	133	144	106	123
129	137	160	120	109
217	165	118	199	135
249	125	162	250	148
115	203	152	154	111
131	136	135	117	141
229	155	212	249	147
251	177	206	143	149
210	192	200	141	135
234	108	144	113	145
179	162	131	203	110
128	173	160	239	149
142	209	218	180	106
130	128	105	190	131
130	147	201	225	127
233	123	149	255	104
241	215	168	110	121
219	180	186	238	109
117	212	184	162	112
115	126	180	160	119
242	165	200	142	111
199	179	140	133	112
233	149	152	106	112
188	159	198	223	153
119	172	171	159	115
224	192	127	103	118
133	118	137	236	137
195	197	113	190	112
203	121	177	125	123
233	173	141	208	153
233	106	139	169	157
115	120	148	247	109
176	99	184	216	129
135	172	134	209	154
237	167	199	172	123
236	113	185	121	142
184	197	159	174	134
157	158	157	198	149
228	99	174	245	151
195	189	183	207	126
111	108	175	189	129
145	190	132	197	121
121	127	190	190	144
139	152	213	195	136
185	122	176	173	149
194	141	131	211	108
214	122	133	168	120
232	101	165	129	152
160	134	100	179	136
251	119	158	116	155
158	136	214	100	139
225	172	205	128	150
124	125	146	196	106
130	134	115	138	125
127	197	188	195	151
151	136	181	251	130
161	127	210	214	132
132	114	121	216	154
187	147	207	169	155
152	157	183	197	131
140	159	209	160	149
117	127	167	193	99
182	170	102	111	134
129	137	170	118	152
185	208	197	258	143
222	138	199	197	118
189	175	151	135	120
252	188	123	127	143
200	122	100	114	127
103	183	138	204	102
146	198	175	247	127
115	106	101	192	135
164	154	114	100	103
99	163	104	224	147
119	181	120	250	105
107	120	170	204	123
182	159	214	135	135
168	165	153	257	155
115	175	126	227	134
169	218	122	151	104
187	171	113	186	155
104	209	192	189	125
156	185	144	206	117
248	213	137	129	157
178	208	207	163	131
227	158	201	194	99
241	172	194	138	137
229	180	127	120	125
221	137	147	180	158
186	127	183	102	134
135	186	166	151	158
250	191	161	154	119
154	192	153	145	125
209	168	180	118	143
152	129	208	231	123
146	168	207	206	130
176	211	154	144	108
123	155	177	121	115
121	192	124	140	104
216	176	151	121	133
191	128	121	141	123
212	210	138	212	132
149	139	118	226	110
238	120	175	124	102
108	207	205	193	137
159	141	195	241	104
247	208	118	167	151
187	128	218	195	103
228	174	181	108	109
202	129	123	234	102
187	135	133	230	137
239	116	166	102	99
237	135	207	195	116
109	193	106	214	117
151	127	134	177	132
111	183	130	205	100
142	164	139	151	104
225	146	171	181	138
127	107	147	120	154
119	156	156	160	129
234	175	200	203	135
105	115	148	174	117
117	173	173	194	139
107	193	193	222	106
110	148	217	181	109
225	203	200	244	141
202	198	194	132	137
190	100	145	249	123
135	183	210	145	148
100	207	127	174	158
174	185	152	135	100
195	206	215	257	112
212	198	178	148	138
236	126	103	148	116
189	130	109	108	151
204	175	151	165	138
176	105	136	176	145
159	140	138	245	133
143	180	168	196	152
205	141	148	103	156
193	161	161	199	100
139	161	103	187	129
116	180	146	181	103
173	109	139	235	99
209	132	140	197	122
189	144	187	189	152
245	208	153	220	150
137	186	109	178	126
112	120	189	116	155
108	157	193	104	148
135	160	162	159	140
204	187	102	211	116
246	187	118	238	140
238	107	121	132	149
126	210	139	147	130
156	207	186	220	152
122	201	143	137	158
175	162	169	207	121
250	167	160	139	142
241	193	159	173	117
216	215	105	167	103
142	209	158	169	127
227	212	142	183	105
126	142	135	196	149
248	149	205	137	157
223	110	179	128	124
103	181	107	151	118
224	198	161	187	151
242	213	134	180	106
163	201	100	159	107
126	147	156	226	122
181	197	142	215	150
128	120	169	247	123
252	218	108	231	150
136	162	178	212	147
219	118	137	120	128
213	132	111	235	150
102	140	189	109	99
199	173	164	174	103
242	200	116	210	121
242	211	217	110	158
107	209	199	189	100
246	155	199	186	147
227	142	127	194	126
227	211	189	119	120
233	217	143	102	126
141	172	183	145	143
154	152	200	241	109
143	183	160	195	123
203	156	209	205	152
235	131	194	206	142
141	154	153	196	133
219	150	145	241	140
227	217	209	115	142
188	194	134	253	152
132	117	166	157	143
214	210	211	129	152
219	129	99	176	120
102	137	120	137	109
179	160	114	234	121
123	107	152	136	105
160	112	190	121	145
243	207	174	223	116
102	195	208	199	124
193	190	101	146	100
121	135	124	103	151
174	100	152	209	134
211	200	154	142	107
189	120	212	185	158
141	178	136	127	157
116	187	206	145	120
170	205	112	189	135
218	148	123	245	152
212	132	102	148	151
127	200	156	229	125
137	110	182	138	146
165	183	164	134	107
234	195	157	213	108
239	137	103	162	101
158	106	152	146	120
173	195	172	207	125
111	183	128	258	113
249	193	123	237	140
199	130	129	105	99
143	184	172	192	136
242	113	216	144	102
225	180	101	228	121
116	129	187	229	135
146	164	201	103	123
216	157	118	154	156
154	190	142	137	111
101	131	124	140	147
190	115	169	124	148
127	199	143	199	138
128	101	171	152	115
99	168	210	243	100
229	161	204	99	116
243	188	181	120	122
206	167	165	238	147
210	161	173	204	122
239	171	213	211	115
160	119	210	254	149
226	120	116	147	124
122	107	178	138	142
216	116	125	147	101
246	144	134	149	123
193	194	171	116	150
233	149	123	114	101
210	138	162	190	146
229	206	205	221	116
118	183	200	133	119
165	195	139	172	125
170	158	104	184	119
227	167	179	106	131
251	117	172	162	131
184	192	120	215	105
240	175	212	230	150
249	167	183	200	123
189	141	122	117	149
244	110	192	248	125
141	140	137	124	138
193	212	140	203	102
133	204	162	146	110
111	112	173	170	118
134	214	205	230	142
101	188	104	118	131
252	147	133	158	156
190	154	147	211	136
166	132	111	150	101
206	101	110	209	138
145	129	180	131	108
141	143	213	224	149
200	175	164	128	109
121	162	115	225	144
223	112	207	181	123
199	150	148	218	100
249	112	143	219	132
214	198	136	173	154
161	173	191	128	115
122	157	204	116	101
196	202	132	149	139
108	149	126	251	119
167	185	163	166	138
180	170	154	106	130
117	204	115	253	147
233	113	217	116	128
234	140	202	167	122
142	209	192	154	123
187	185	118	173	151
230	138	102	189	120
112	99	137	123	143
217	138	183	163	149
159	152	188	227	126
224	178	177	229	117
220	104	175	180	104
179	150	184	106	127
232	134	104	203	105
105	165	102	145	134
122	192	119	187	121
101	120	99	109	120
161	163	144	238	125
115	160	139	206	126
231	199	135	164	135
125	190	125	211	104
157	159	204	106	111
226	195	203	148	105
126	107	167	108	116
200	212	194	165	123
128	174	218	177	106
233	198	103	185	140
194	204	117	192	157
169	144	105	122	110
209	216	104	243	157
207	128	100	206	150
235	130	192	164	151
164	128	181	200	146
222	158	153	182	125
216	151	176	131	127
174	137	143	229	135
169	135	138	134	101
186	172	151	109	142
160	114	127	177	132
166	104	183	170	129
212	146	153	197	142
175	187	215	168	115
230	190	218	243	134
195	116	107	157	153
116	177	112	236	101
119	184	165	120	145
250	119	146	211	109
123	177	137	231	123
186	162	115	196	130
226	113	207	143	139
114	154	198	139	105
219	152	185	188	120
200	152	101	216	140
207	112	107	209	141
142	218	113	253	105
110	207	212	153	126
241	100	198	162	112
125	160	110	117	134
159	114	133	222	153
107	166	193	104	118
226	218	102	145	146
135	188	185	187	112
182	190	192	232	132
130	164	204	143	113
234	217	107	184	150
216	191	194	110	124
190	124	201	253	146
172	120	215	244	122
217	216	185	100	102
187	140	164	102	142
165	161	202	167	134
109	182	162	168	110
195	163	153	205	110
172	210	212	197	138
136	115	143	159	155
183	118	213	211	142
184	209	151	139	156
106	170	163	187	140
159	174	185	189	112
111	159	144	176	155
199	117	152	165	148
141	124	164	170	138
169	135	203	217	116
248	177	144	156	132
125	185	128	229	134
185	186	165	141	153
221	130	120	211	143
187	102	154	243	122
189	145	158	232	138
131	206	200	102	111
145	151	214	117	110
124	172	174	217	102
142	150	101	151	131
163	216	156	116	156
125	199	134	118	133
208	160	130	167	158
210	184	171	252	143
163	103	127	235	155
113	150	190	249	105
108	196	142	238	104
182	181	194	129	129
239	115	185	249	108
155	130	187	121	124
145	157	162	215	121
252	131	148	110	154
153	188	102	137	131
136	160	204	165	147
108	180	207	119	118
186	208	184	102	104
160	206	182	110	99
100	180	202	223	158
128	154	154	149	143
233	191	163	130	146
194	128	176	144	108
119	195	156	120	101
101	167	158	169	138
161	159	149	216	134
147	197	174	212	129
218	119	137	131	111
181	106	195	161	134
143	184	136	223	99
243	174	123	208	123
222	108	115	103	155
229	166	207	139	133
106	203	208	103	149
106	109	183	209	140
124	106	153	155	107
172	170	161	251	99
182	214	178	232	139
246	202	100	222	112
184	166	210	229	136
252	184	125	124	99
157	138	124	150	153
180	158	144	250	140
219	139	174	226	154
178	192	117	221	118
202	188	184	123	106
147	123	147	214	138
101	104	118	195	104
143	121	134	258	145
211	215	111	151	153
175	165	127	219	124
211	104	191	239	139
127	125	136	258	138
146	204	167	107	157
209	151	174	183	155
158	164	175	217	102
116	119	145	249	118
123	100	163	192	158
133	106	159	121	129
117	158	210	116	112
218	202	179	211	120
182	176	119	144	145
187	153	112	160	144
171	112	117	222	110
173	140	190	225	126
99	205	130	210	109
170	119	192	140	146
137	211	199	121	118
147	110	169	124	123
191	156	142	203	117
182	216	109	116	101
124	168	204	202	120
131	137	192	146	151
190	175	187	239	136
243	157	177	237	103
105	185	213	246	150
178	180	191	212	135
119	149	107	154	130
242	137	133	126	116
193	183	211	168	154
123	179	131	246	149
106	212	202	185	141
126	208	210	198	101
183	110	172	128	150
152	147	125	155	134
183	186	149	131	135
239	150	164	156	115
218	198	177	125	123
162	117	198	211	146
200	108	197	152	106
211	155	148	197	123
144	134	205	180	126
188	157	157	199	157
117	201	157	145	125
101	213	185	140	147
187	137	144	204	103
135	180	151	246	102
196	112	137	118	137
205	115	180	103	155
122	204	135	189	102
124	183	193	199	103
163	144	123	241	114
119	166	106	258	146
230	213	100	100	134
181	137	158	206	128
188	141	206	209	154
102	177	186	120	144
171	214	176	227	130
110	198	109	240	109
132	99	170	168	127
244	138	146	129	148
155	116	196	117	111
184	152	172	108	101
206	201	187	217	141
243	179	107	100	141
216	198	124	235	117
158	170	192	132	104
159	174	160	223	144
146	214	189	121	114
229	130	102	218	105
196	135	126	108	154
147	100	149	136	125
122	215	163	115	103
114	106	131	233	143
215	168	162	203	149
164	101	203	211	124
110	137	118	222	120
196	196	170	105	119
101	149	171	154	130
121	159	176	99	116
239	190	181	236	111
157	161	148	132	101
204	107	144	239	150
228	137	111	192	131
216	207	134	136	137
169	150	122	177	156
123	150	137	177	119
172	160	210	241	139
154	205	169	208	108
209	190	200	171	119
101	157	138	147	116
122	112	142	157	121
108	144	206	201	113
195	208	145	234	128
202	152	179	177	147
244	213	119	201	142
214	128	202	111	139
126	100	162	203	116
165	148	116	220	110
163	202	194	215	153
165	139	199	115	101
193	201	118	216	153
103	190	173	110	129
126	111	181	148	144
100	110	200	175	116
239	211	156	230	117
206	100	185	181	128
182	119	149	139	120
158	176	186	223	137
221	178	142	189	130
160	101	191	124	146
118	212	187	185	136
132	181	205	166	149
150	135	180	169	141
218	167	206	105	134
244	171	209	236	158
215	143	112	121	107
106	172	114	249	145
206	100	197	153	114
198	168	174	118	113
157	175	107	242	156
138	175	122	198	99
198	100	174	123	100
157	140	209	124	137
100	193	164	166	104
226	162	129	210	157
162	160	170	257	99
164	129	152	101	127
166	113	156	109	147
155	189	123	129	114
205	206	195	181	102
139	117	161	238	106
112	205	192	101	133
100	190	154	238	145
113	202	137	146	132
214	140	100	171	123
119	99	102	121	151
119	211	144	254	156
115	172	125	132	137
99	161	112	205	126
241	99	143	122	144
233	191	161	119	157
198	103	190	167	156
122	169	173	221	146
147	158	212	182	117
205	130	194	240	141
157	210	180	175	149
119	185	180	185	158
246	153	218	150	136
131	102	120	174	112
247	212	150	218	149
135	198	209	146	102
178	107	117	210	122
243	186	171	221	156
231	123	100	159	106
185	167	216	122	143
146	117	201	181	156
190	141	122	241	118
230	148	100	106	133
161	208	185	208	110
139	152	187	234	138
203	127	121	153	102
137	161	147	235	100
101	160	206	181	141
150	141	156	130	124
194	189	132	211	120
252	164	152	194	109
105	119	103	254	136
219	194	116	240	158
179	151	143	234	108
147	179	157	213	116
236	99	105	157	148
239	131	172	138	156
145	105	107	106	105
203	183	142	214	153
222	156	191	214	110
101	218	140	222	138
118	166	149	105	124
179	199	188	109	156
119	147	118	178	147
247	179	164	142	102
148	196	174	194	125
134	102	130	100	145
241	178	120	112	102
197	155	191	178	150
162	145	176	119	152
143	161	192	193	112
113	140	178	173	148
234	116	180	101	111
113	110	146	128	138
116	151	182	231	124
244	208	167	115	143
233	115	199	100	138
151	124	169	220	132
232	198	157	147	150
129	102	218	136	127
163	101	180	224	125
198	143	201	194	117
119	127	129	223	130
159	108	125	229	116
231	199	168	134	145
189	114	172	125	144
232	141	99	223	136
165	133	212	196	139
230	162	209	219	105
167	188	116	229	152
131	180	134	205	151
186	200	168	229	121
178	163	106	126	142
201	171	158	105	157
170	168	142	225	136
136	152	151	177	157
232	175	175	164	120
234	196	166	199	113
165	162	182	115	105
164	137	101	211	108
127	210	114	195	120
218	203	105	206	106
223	196	113	114	129
131	165	145	135	117
111	127	136	172	104
183	160	112	156	156
121	148	145	207	150
172	204	156	225	151
107	99	151	99	137
151	150	137	163	153
200	99	114	231	117
239	196	139	113	146
178	149	190	188	123
229	150	132	182	121
132	161	176	195	111
196	141	122	107	125
102	179	189	232	99
144	204	131	125	122
136	99	196	124	155
167	123	114	206	143
131	177	203	206	113
236	151	123	193	154
227	199	158	109	133
232	140	99	167	127
239	204	206	102	158
209	140	217	150	156
152	171	129	186	102
227	124	116	231	150
157	171	141	252	102
210	117	107	147	155
242	125	168	177	155
239	201	185	157	153
137	171	131	182	128
174	134	134	189	139
244	111	162	172	136
166	164	195	195	158
195	121	125	139	151
252	153	165	217	146
230	210	118	117	100
154	204	128	219	138
207	140	197	169	151
147	172	115	221	127
230	165	173	220	108
112	121	127	196	135
104	124	126	155	145
185	117	100	117	134
183	143	157	170	156
162	134	133	130	135
173	172	183	212	130
149	117	218	226	158
130	102	118	148	114
208	181	132	121	137
110	178	215	156	143
170	112	149	137	114
207	133	109	204	156
110	190	132	106	141
238	157	133	114	129
148	198	202	207	156
252	195	193	211	136
147	100	170	200	99
250	130	137	190	130
201	105	132	176	131
132	195	118	147	134
221	147	193	176	108
243	202	123	153	127
190	201	113	194	109
104	188	174	218	99
135	175	130	187	151
239	124	135	196	116
170	131	129	200	121
251	156	194	155	131
226	213	129	232	153
236	165	210	240	153
100	217	217	162	141
199	173	192	232	139
133	138	137	123	141
182	170	99	173	157
239	192	213	153	105
179	138	159	206	120
211	146	146	138	151
243	100	119	206	115
198	104	140	190	149
183	128	111	149	151
244	198	176	99	152
238	132	119	99	158
176	120	107	225	131
151	125	123	177	156
156	126	144	150	150
155	148	168	185	156
179	102	122	156	99
238	131	201	250	120
238	122	160	202	136
148	201	196	243	102
156	194	154	212	128
201	148	214	182	121
113	212	161	176	107
172	133	146	190	124
210	122	107	218	116
145	109	119	128	150
117	174	206	143	121
135	109	150	205	100
206	209	171	257	120
139	215	210	160	150
164	107	111	189	115
230	119	154	169	147
250	157	104	240	133
108	186	119	105	99
185	188	184	111	158
107	110	157	173	134
166	202	166	170	148
145	152	177	104	151
247	187	152	117	144
172	114	154	239	155
229	118	131	219	102
115	167	126	119	136
150	182	160	172	111
104	131	149	154	151
112	148	123	215	155
143	113	171	144	116
196	176	214	247	138
107	108	211	237	154
175	172	212	205	157
195	123	169	206	132
114	172	101	211	125
202	138	176	210	137
172	192	133	214	121
163	159	154	248	144
158	152	146	255	120
113	152	215	192	108
137	166	142	124	102
205	111	174	154	106
112	187	217	165	139
124	203	160	215	146
189	130	152	102	112
158	113	177	173	137
175	193	142	123	149
181	150	218	200	107
116	99	108	196	133
212	174	143	206	143
141	140	158	205	125
247	137	204	168	153
156	133	126	150	132
217	157	127	188	155
150	106	158	153	141
227	139	179	137	157
143	169	144	116	144
198	119	197	250	136
147	158	136	189	144
247	151	137	209	100
192	159	102	221	127
168	173	163	133	132
228	142	197	151	153
99	206	112	156	145
151	218	205	154	107
105	215	175	106	99
209	189	214	138	101
112	107	203	171	109
126	111	214	152	142
142	136	148	222	155
161	147	202	156	133
179	192	175	129	105
110	138	146	130	119
215	108	110	220	150
209	132	129	244	124
133	189	148	122	139
138	190	112	173	155
174	211	197	144	151
250	149	120	123	127
111	110	183	248	103
153	205	216	219	152
206	212	145	136	151
180	175	102	157	129
194	128	166	109	151
112	189	179	253	129
187	146	126	202	125
238	184	199	217	143
193	143	108	254	140
106	104	203	131	118
225	142	182	258	99
219	112	151	162	157
224	130	115	256	126
186	108	184	192	109
170	142	190	150	135
228	166	141	179	117
184	166	205	237	139
158	199	202	186	105
165	212	138	157	131
129	156	174	140	151
214	167	218	159	155
226	127	163	106	125
165	190	207	249	128
107	128	172	99	143
216	170	110	125	126
165	175	146	251	119
210	122	204	136	106
123	174	126	120	148
231	206	195	181	124
251	141	110	215	127
164	168	133	243	103
142	113	160	145	151
124	123	130	199	156
243	100	171	213	114
231	204	122	188	132
114	171	204	176	155
177	138	193	225	133
182	144	154	114	103
104	174	172	120	110
106	169	183	249	108
181	117	173	161	154
217	190	169	123	100
156	166	145	103	143
117	126	147	145	140
249	214	196	240	140
243	175	187	113	124
224	121	201	113	128
199	190	149	128	146
123	143	154	138	131
195	146	160	205	143
226	170	202	215	149
187	183	165	127	155
168	147	195	151	142
213	214	206	251	138
163	152	118	104	134
198	114	214	145	149
120	122	194	193	114
240	101	185	169	127
136	99	107	110	113
185	104	147	107	147
207	185	168	236	112
227	152	196	173	121
196	159	206	115	138
204	198	203	249	130
113	174	156	143	114
208	111	183	144	135
238	164	137	140	126
188	136	194	145	113
220	204	121	237	136
100	161	214	104	100
248	132	202	256	139
236	111	122	113	123
209	189	166	212	103
146	111	122	170	157
159	207	159	181	157
124	128	148	227	134
159	151	203	238	102
143	194	119	165	101
126	142	208	202	106
204	195	171	136	157
220	159	190	110	126
166	152	178	134	136
154	169	215	199	127
158	122	107	220	99
107	198	111	141	117
218	179	159	199	114
148	131	133	99	117
252	159	213	214	130
237	188	175	213	135
112	141	123	133	127
131	115	110	189	106
108	186	206	174	123
146	146	192	143	122
230	167	130	108	138
153	128	149	253	120
204	206	187	103	135
233	213	151	191	142
252	150	120	214	135
236	123	182	99	114
247	169	165	115	139
144	102	196	207	107
190	182	164	130	135
101	213	171	134	155
201	103	206	161	104
251	159	142	179	150
205	141	164	122	132
234	132	145	139	108
101	124	111	176	112
188	132	163	107	104
208	104	121	125	127
241	126	151	206	121
121	101	194	229	133
211	131	169	115	135
201	188	216	187	128
136	134	120	193	118
130	104	127	168	137
163	127	126	167	116
225	170	177	186	116
210	149	158	258	126
157	214	127	215	104
162	182	158	147	133
121	141	206	141	106
101	144	188	247	158
198	202	117	139	113
117	178	134	206	141
147	208	130	194	150
211	218	171	163	139
214	100	175	228	134
170	151	210	239	146
175	111	113	112	105
174	175	100	242	157
174	197	155	195	153
127	198	216	118	156
222	104	167	145	157
186	182	170	167	156
229	176	135	234	128
207	140	208	105	117
136	135	199	250	106
178	216	213	138	117
227	125	139	117	121
144	119	116	196	119
172	134	173	166	130
204	187	187	235	126
237	212	117	149	140
210	106	164	237	132
249	185	183	140	133
245	134	113	164	156
248	203	100	159	108
162	217	136	233	117
244	100	160	121	120
160	147	104	197	114
157	127	217	234	142
238	99	119	181	157
233	193	166	182	125
146	171	101	208	142
133	114	127	234	139
173	188	187	217	140
224	129	157	220	135
217	213	143	111	141
124	200	190	117	126
207	213	145	117	126
197	123	208	193	150
235	200	109	199	130
197	168	193	104	147
212	194	210	196	145
149	216	213	137	110
227	212	122	114	102
129	208	190	228	158
124	146	111	144	122
218	130	147	196	121
102	140	121	244	106
174	113	154	130	157
240	131	189	247	136
231	143	133	236	146
225	109	217	216	147
145	190	107	100	123
237	163	108	254	150
128	124	140	218	141
249	177	197	209	125
128	105	123	202	140
144	115	147	235	150
116	115	205	169	112
115	103	163	167	140
105	198	111	213	102
180	174	159	232	113
243	212	211	132	125
134	115	212	205	111
169	168	192	216	133
179	213	153	150	110
219	108	148	254	109
199	168	139	187	114
123	192	127	224	158
209	151	213	121	143
209	153	213	142	124
244	174	212	183	139
172	189	104	120	143
251	200	142	210	118
144	193	188	116	119
140	118	183	142	146
192	110	117	199	149
131	171	161	237	157
223	193	148	107	104
145	100	145	171	118
122	187	125	133	122
112	123	210	167	148
154	185	144	216	100
135	193	108	185	157
187	214	192	240	118
149	108	115	172	109
156	125	195	171	104
243	215	200	138	113
210	173	193	231	136
160	102	105	215	116
197	124	190	149	101
184	122	169	211	144
132	185	124	167	150
155	143	166	130	156
196	132	162	145	123
123	118	150	172	144
164	159	114	129	126
169	167	122	257	101
151	178	146	100	153
226	145	182	133	111
189	193	163	227	99
118	130	198	147	156
214	196	207	219	110
192	198	215	215	131
115	182	117	157	130
249	102	128	156	104
175	124	147	229	116
183	153	146	115	132
161	155	148	171	132
179	112	213	252	151
198	122	198	191	145
109	185	179	160	121
225	201	206	142	138
202	119	214	171	158
166	151	129	140	149
161	127	151	186	153
196	129	121	228	125
120	184	200	222	114
210	127	207	240	124
219	186	180	204	115
118	131	208	111	100
244	116	192	121	135
121	118	192	154	105
163	145	133	129	118
144	197	141	222	110
202	145	200	115	114
216	179	197	199	128
241	125	140	254	129
147	187	203	247	116
242	118	123	165	111
194	107	110	174	117
214	149	114	221	116
100	213	135	140	141
220	113	150	180	156
123	182	169	137	131
211	136	217	200	141
178	147	200	212	144
201	172	113	227	114
143	124	191	150	132
223	144	216	164	150
220	185	123	131	147
250	134	171	184	122
195	114	188	139	146
130	200	146	192	118
156	189	195	194	128
128	131	204	155	106
113	103	212	141	108
205	108	123	143	136
201	142	194	188	133
138	118	174	238	111
171	150	197	153	119
116	105	115	102	125
194	215	215	138	121
155	144	171	178	99
155	165	128	210	146
214	108	133	107	124
252	142	216	232	130
246	100	117	129	106
185	134	183	129	102
214	179	207	138	156
102	180	181	180	130
252	121	191	151	141
222	205	133	202	128
220	131	105	166	108
183	115	142	220	106
234	116	193	210	138
225	113	133	111	137
173	122	208	145	150
174	189	121	203	144
227	217	209	234	118
208	197	123	181	106
151	115	158	188	117
119	152	99	236	114
171	169	163	218	126
234	126	162	243	126
206	209	147	131	131
216	112	204	166	148
185	116	192	191	126
146	218	102	256	138
203	202	184	248	140
206	168	112	236	102
166	136	211	239	114
132	216	205	126	109
249	148	198	198	156
169	140	153	236	116
116	176	141	188	156
100	189	200	181	120
236	208	127	207	103
133	194	152	103	136
190	176	207	183	104
185	142	128	254	107
200	201	109	240	152
108	182	134	228	111
198	117	124	138	124
183	217	166	193	148
171	214	187	245	154
214	183	170	158	110
150	135	121	137	126
165	182	165	221	122
152	105	102	107	107
215	130	128	160	101
237	195	106	135	138
201	215	212	235	129
217	143	135	162	149
113	189	110	249	122
110	172	195	222	150
245	172	183	161	152
206	117	119	140	112
202	105	216	179	129
115	110	105	243	102
169	139	209	246	155
144	156	122	205	152
232	160	212	112	154
228	131	164	245	109
109	121	129	119	142
104	207	136	242	145
250	116	109	117	117
251	114	171	165	103
176	127	116	215	154
247	213	111	199	137
127	140	143	124	103
131	214	172	236	106
210	182	121	156	146
127	212	103	136	115
135	140	163	107	104
234	157	209	182	147
163	103	201	145	115
145	172	192	253	151
205	201	146	175	158
144	218	169	176	110
125	121	166	249	124
243	138	121	148	117
219	210	120	141	142
211	177	202	122	146
157	138	150	220	119
222	112	101	103	146
170	163	190	142	142
169	169	145	184	128
107	192	164	250	133
175	148	133	231	112
121	107	135	139	100
131	161	104	170	123
143	182	155	122	118
145	119	110	156	158
105	171	185	115	142
215	177	110	258	139
174	115	170	108	117
222	166	149	110	150
116	199	144	145	106
163	183	200	167	120
100	216	192	145	120
139	177	205	99	147
118	142	151	153	125
220	99	186	107	137
178	150	120	164	112
189	165	199	147	113
152	135	196	119	146
141	110	158	229	105
116	117	212	109	99
238	121	215	116	110
202	196	141	186	99
185	111	182	236	152
213	207	160	133	152
216	189	132	238	106
110	156	167	168	128
112	153	208	235	103
136	122	201	129	136
162	152	172	244	148
150	104	115	191	151
205	136	204	168	152
134	138	135	179	133
182	115	159	151	137
246	148	166	163	143
229	210	179	218	135
219	189	120	249	153
131	211	163	195	133
143	157	169	199	137
138	199	106	203	124
242	170	198	109	107
220	138	157	217	134
251	166	153	160	156
169	195	113	213	108
203	121	211	207	100
162	203	113	165	124
237	145	205	191	107
217	184	193	171	141
243	163	104	177	128
108	99	157	113	132
187	170	113	206	131
106	118	160	208	144
143	130	217	153	145
129	115	134	189	149
196	136	210	99	101
246	168	157	195	138
127	165	202	195	102
121	154	154	197	123
206	108	114	220	119
139	202	171	233	157
171	198	154	217	111
137	190	179	100	128
130	111	187	139	130
122	148	210	111	110
149	204	140	159	121
200	169	158	203	128
185	215	218	120	152
221	205	215	148	108
236	218	108	114	136
134	169	201	164	130
173	141	136	246	100
164	174	152	102	123
227	137	134	106	125
227	151	124	169	109
155	169	205	234	139
209	106	129	211	155
137	135	198	133	117
234	104	192	229	114
104	163	210	194	132
129	186	204	168	140
179	173	217	210	123
178	135	175	131	122
176	111	121	209	154
244	168	110	153	102
141	169	216	203	155
129	153	101	170	139
202	175	178	250	141
246	205	179	190	144
250	121	201	243	107
134	183	172	201	131
177	159	162	255	114
222	153	211	144	121
158	204	99	196	117
160	111	133	219	145
122	217	146	164	130
228	179	201	202	131
112	132	165	138	153
172	148	123	222	125
160	167	164	238	121
130	115	157	193	138
176	175	206	254	131
189	118	171	163	124
158	135	143	200	136
145	137	120	235	109
197	150	165	144	115
113	189	216	166	135
108	163	144	123	110
208	132	163	149	148
240	101	140	193	119
180	161	181	171	116
243	150	146	186	137
178	178	194	202	143
244	131	122	230	126
214	165	187	201	109
180	188	125	148	140
217	99	115	133	150
156	152	116	110	150
104	130	107	257	151
149	218	163	239	127
236	211	108	249	142
126	101	164	160	142
160	122	168	157	113
248	158	149	225	137
189	154	161	130	116
224	134	139	192	152
116	166	116	134	137
118	135	121	170	129
222	128	167	188	150
248	202	102	243	146
214	159	188	182	157
154	145	99	171	132
211	182	113	123	113
100	195	126	186	156
224	206	187	223	158
160	121	157	258	128
216	175	104	247	149
179	102	189	151	110
115	153	166	177	118
250	191	128	246	105
213	165	136	104	109
251	153	143	201	158
252	155	106	209	142
200	193	195	241	113
157	147	166	119	153
112	111	187	163	100
145	130	204	195	145
237	163	128	253	149
124	154	146	219	102
241	172	116	206	105
242	133	104	102	127
219	112	127	224	102
214	154	157	257	140
192	206	145	180	152
168	175	115	239	127
143	189	108	130	124
126	125	197	110	127
200	215	183	235	126
163	191	148	240	134
215	185	100	119	121
205	158	112	197	108
102	185	186	117	99
140	142	127	220	134
240	206	184	173	133
207	140	144	223	150
110	157	187	137	103
158	169	178	159	138
182	116	150	159	134
233	143	193	213	122
146	146	188	102	134
164	187	169	137	128
161	178	179	181	147
157	100	106	205	131
249	161	201	164	123
189	200	116	219	102
194	182	152	107	113
154	104	115	249	150
203	211	102	202	104
121	174	162	131	136
127	205	135	128	122
251	186	184	197	117
239	190	131	107	106
243	117	137	191	158
115	217	205	206	136
194	202	189	136	131
173	118	143	154	111
121	133	166	201	157
175	134	119	199	153
227	205	111	204	101
104	142	99	132	155
155	171	204	166	119
136	133	125	231	147
119	137	143	202	109
112	213	134	175	128
222	212	177	208	121
226	190	133	157	119
223	213	105	126	114
242	197	202	144	139
140	165	160	251	144
223	129	136	121	144
211	130	210	209	102
123	190	100	105	138
166	150	184	114	131
110	171	176	236	148
182	148	166	190	120
183	204	217	200	117
198	148	211	109	137
105	145	193	109	144
160	168	164	198	151
129	153	190	186	124
139	207	139	162	150
167	156	194	114	111
220	218	99	241	116
175	132	202	148	137
232	211	180	258	151
194	198	102	221	129
139	210	207	229	130
112	163	143	153	136
125	134	179	150	147
236	143	203	256	123
151	126	107	249	102
197	204	134	153	153
240	184	188	117	102
147	170	198	240	104
182	120	155	150	148
194	151	202	224	114
121	174	111	99	120
152	117	143	114	155
148	134	218	252	133
245	184	194	209	156
177	115	133	144	127
99	191	127	131	113
235	205	148	124	138
208	163	136	252	129
234	196	141	105	128
100	120	163	162	141
160	113	104	137	157
247	128	138	135	119
146	205	111	148	134
216	123	105	163	103
208	165	169	183	126
161	196	121	123	157
147	107	188	207	132
140	190	110	204	142
146	143	190	131	111
239	210	160	131	123
197	130	181	171	104
240	144	187	167	140
172	212	113	182	148
205	216	189	144	134
188	199	103	227	123
231	210	134	103	157
198	155	169	181	153
252	102	171	147	128
146	204	152	134	112
174	192	215	111	153
246	138	182	106	109
217	119	153	141	148
110	185	181	183	112
176	188	188	99	157
185	154	149	251	108
232	133	187	157	158
217	145	172	177	130
176	173	198	155	99
177	166	193	234	128
204	198	117	241	140
105	206	102	168	155
173	183	186	188	123
106	185	142	256	152
180	117	208	231	134
252	157	210	245	148
161	109	158	237	127
135	207	164	210	139
249	133	144	230	132
219	209	139	188	104
132	122	184	190	127
161	160	105	169	134
202	177	125	174	155
110	205	117	201	105
242	209	102	246	155
109	159	173	234	107
122	209	163	239	153
113	164	205	112	124
100	211	150	109	148
175	201	123	102	134
210	122	205	153	109
115	118	130	254	109
247	189	195	187	121
122	131	161	248	126
136	109	107	241	137
128	212	181	122	139
241	209	214	209	120
189	107	177	149	114
121	115	121	130	155
247	132	160	114	135
173	198	113	178	102
120	145	135	185	140
168	119	157	236	145
222	214	197	170	102
196	110	136	193	105
205	137	137	157	115
208	109	109	113	107
177	130	169	250	124
244	140	99	187	153
190	161	216	168	110
166	164	163	179	130
159	197	207	107	111
104	119	167	224	149
139	158	183	191	99
215	168	125	214	131
188	182	173	182	135
147	212	186	117	101
180	195	158	176	140
112	105	142	232	140
209	201	166	248	117
214	196	162	246	154
248	138	157	239	99
180	174	213	116	126
226	183	113	257	138
170	178	184	154	103
186	177	196	161	112
111	168	150	174	99
168	124	189	230	101
133	126	106	242	134
180	159	207	150	104
168	136	192	146	101
178	162	214	223	143
239	106	128	136	135
129	174	105	148	111
238	107	207	163	153
215	148	109	124	129
139	118	192	147	128
248	190	145	225	110
130	124	174	160	124
124	216	116	175	124
129	134	196	101	118
198	212	110	251	119
178	125	122	188	124
187	130	181	103	135
131	155	138	251	127
210	150	197	188	137
215	192	202	174	143
143	170	122	148	123
178	169	150	165	116
133	173	177	191	148
241	130	133	211	104
244	145	135	109	121
250	157	113	123	133
116	206	107	224	114
199	197	108	118	112
139	205	111	212	114
203	190	160	209	154
102	125	215	199	103
204	217	131	126	140
222	198	210	165	147
250	144	199	164	158
210	122	151	114	156
107	147	209	118	143
194	160	156	204	155
144	158	121	190	100
209	173	124	206	125
226	181	163	171	140
110	128	105	222	128
199	175	214	194	152
192	180	127	215	117
122	213	131	163	115
110	110	170	106	137
226	121	130	109	135
211	131	139	180	121
215	186	101	113	112
229	201	208	154	150
118	127	147	225	114
126	174	209	214	143
186	208	187	137	153
153	108	116	157	128
128	140	156	100	126
232	124	215	211	100
153	115	158	236	131
134	124	192	241	100
146	110	178	151	138
112	133	105	149	113
130	104	145	180	133
121	178	130	167	155
133	184	115	174	144
243	124	142	105	101
200	105	181	172	117
104	158	150	101	142
248	212	204	143	133
136	125	187	243	129
122	211	182	130	143
130	99	200	171	128
237	133	186	238	145
192	188	179	231	134
166	136	140	160	128
158	171	188	184	137
153	205	138	175	129
116	167	190	253	127
204	113	114	197	103
184	194	172	217	109
113	199	174	214	100
241	141	210	197	149
156	217	195	137	117
192	103	166	220	132
220	217	211	172	102
184	184	202	192	134
128	164	146	138	143
174	145	210	161	155
157	216	177	202	150
223	135	161	123	158
224	147	174	228	109
237	111	208	222	147
169	112	206	232	128
145	142	186	180	111
160	142	216	150	156
208	201	196	173	140
118	195	108	187	121
105	164	133	215	143
118	187	124	101	149
109	155	127	227	114
143	184	123	171	158
144	189	184	220	147
148	172	175	172	113
178	120	125	114	131
178	211	151	233	151
243	128	155	119	123
136	204	163	245	138
143	127	176	252	149
114	146	207	106	99
223	192	178	140	153
99	203	205	110	139
107	163	179	240	156
166	189	201	210	142
114	144	143	107	120
204	134	173	138	108
237	107	215	197	121
113	180	109	257	156
107	112	216	238	156
181	218	191	201	102
251	195	124	245	137
116	115	110	150	110
105	181	116	123	131
100	154	206	229	100
221	122	165	206	134
225	109	162	223	108
106	144	196	227	104
220	109	127	180	139
252	190	179	144	132
223	178	182	241	119
102	149	148	137	110
188	100	110	148	151
141	154	162	124	128
116	215	100	227	127
237	177	198	187	136
233	135	118	164	100
192	111	169	116	124
99	211	175	258	115
185	210	183	178	154
223	107	141	193	99
241	166	205	206	130
106	204	111	247	124
191	170	189	112	157
139	167	154	165	108
153	145	177	162	101
169	187	180	244	114
215	158	159	167	118
188	195	177	193	139
159	113	215	117	125
246	134	182	134	117
191	116	130	134	143
213	214	179	208	106
158	196	200	241	101
161	133	218	252	133
250	142	125	193	118
229	191	130	115	127
238	186	115	225	134
143	174	136	247	114
204	207	146	167	99
184	127	168	122	158
161	124	206	156	116
188	211	108	133	124
104	216	115	194	139
105	213	206	121	105
218	114	132	126	154
177	141	201	146	106
208	153	179	225	152
148	181	202	109	132
236	158	118	193	116
206	176	176	130	119
131	193	143	203	125
122	197	203	231	121
161	193	207	137	143
149	142	159	128	99
123	116	204	144	130
121	191	114	246	134
101	143	185	217	115
214	115	137	254	118
124	205	136	188	145
203	138	105	173	109
140	188	180	117	111
223	121	218	252	128
115	217	128	234	122
224	214	125	142	137
139	169	214	185	154
180	214	204	175	101
110	161	165	151	113
174	101	183	253	110
226	177	104	216	108
196	205	211	252	113
140	186	208	209	124
240	103	216	138	150
230	203	178	209	113
129	137	207	232	158
196	133	173	216	125
233	134	209	186	134
214	210	100	228	129
174	204	130	160	133
237	165	101	173	120
111	107	143	175	107
111	139	186	149	156
120	128	140	110	115
175	150	147	152	130
100	210	201	228	149
151	157	201	132	132
222	195	135	148	123
223	104	135	218	123
136	204	208	144	105
246	120	189	161	136
159	127	209	256	112
210	105	110	103	137
181	131	161	187	144
132	109	110	156	110
230	124	147	139	120
140	107	184	102	157
109	202	208	166	125
199	116	149	189	138
160	160	206	211	134
238	169	148	253	129
145	108	105	140	101
149	103	191	253	108
172	168	175	192	114
226	133	159	123	124
231	176	152	134	112
235	217	121	222	118
197	194	167	217	115
249	179	101	156	101
146	178	136	110	127
161	203	157	132	109
120	128	194	127	123
152	174	103	249	127
252	178	108	116	103
201	153	148	193	124
176	151	155	242	124
201	212	194	214	136
175	193	108	193	113
239	132	145	217	107
195	210	147	232	129
178	146	131	160	138
211	131	154	174	151
101	197	168	222	118
133	201	205	247	127
170	208	158	224	133
115	163	148	194	127
199	150	111	216	148
117	140	210	180	101
243	191	114	206	113
114	161	169	234	124
183	188	203	250	148
160	204	125	203	141
231	156	136	169	142
147	138	116	115	144
215	122	181	192	157
212	151	202	208	119
112	110	170	232	108
113	151	206	250	104
212	137	196	127	113
232	197	163	130	155
135	177	154	202	157
168	106	137	148	154
152	170	184	108	148
252	144	154	256	122
201	165	103	222	120
182	153	171	108	119
251	126	150	209	99
121	129	136	219	125
196	121	139	110	147
218	176	186	157	125
109	119	131	102	100
182	187	153	182	150
107	112	143	219	101
196	172	110	101	105
175	185	163	220	108
216	100	165	221	124
215	180	193	242	131
213	150	142	200	151
134	206	160	128	112
182	124	188	229	118
145	146	112	144	152
196	175	120	127	106
184	169	203	235	100
119	141	104	243	148
147	135	187	123	138
101	182	166	222	136
182	210	189	255	99
215	119	150	173	142
212	136	217	177	136
182	200	167	132	115
134	204	141	146	134
211	123	216	183	113
153	147	160	223	127
200	99	216	252	111
147	200	149	191	139
106	217	218	219	109
132	108	149	228	103
151	187	136	119	114
250	156	137	154	101
183	163	103	225	108
141	168	102	101	148
121	121	157	248	130
205	198	205	107	126
208	167	150	234	133
196	207	137	209	113
161	148	188	163	151
151	181	162	134	158
105	120	172	175	117
241	128	217	190	100
224	115	195	102	148
178	105	193	158	119
220	116	140	207	124
183	124	146	147	143
122	210	136	156	120
206	100	201	165	117
206	200	142	161	135
251	120	189	196	156
202	176	191	158	148
125	214	151	231	132
161	124	175	99	122
168	212	193	144	112
109	204	158	144	109
108	166	214	142	130
131	196	182	149	133
103	146	198	178	140
138	150	112	225	131
99	212	114	126	124
155	123	154	148	157
163	190	144	130	155
155	117	99	128	123
108	196	153	151	110
155	197	99	155	132
191	172	181	239	110
244	145	176	161	121
236	147	207	125	138
151	104	204	176	105
234	123	153	131	113
101	200	118	159	104
238	197	211	208	123
134	159	174	203	152
103	115	174	220	149
211	140	170	202	113
185	210	199	212	156
207	186	210	216	118
108	129	180	204	136
170	210	184	128	129
245	112	110	224	134
128	188	191	177	123
111	193	157	199	144
141	152	161	164	116
210	155	204	221	117
185	186	144	188	128
119	213	101	170	154
131	110	132	139	143
172	117	209	187	100
169	120	206	229	141
229	122	166	147	147
146	215	191	146	143
200	198	168	118	153
165	207	115	236	138
230	120	160	106	133
237	160	179	182	99
124	200	137	167	138
195	159	100	156	122
178	211	155	186	151
110	120	124	190	109
177	110	113	167	107
153	185	138	112	125
192	152	146	186	152
183	175	155	241	106
201	144	152	122	119
130	121	128	160	135
195	133	130	191	117
117	193	123	121	114
127	153	160	197	156
139	184	204	224	105
126	214	214	216	156
212	162	137	242	99
209	174	201	144	125
144	156	112	179	123
228	151	216	248	157
146	101	213	137	139
239	205	172	129	141
100	188	133	101	105
112	170	212	189	137
166	207	191	252	110
244	132	156	109	130
142	103	204	232	147
121	193	205	132	142
146	188	196	117	158
152	111	132	192	148
150	152	103	153	146
207	196	171	116	153
209	194	124	238	152
224	183	179	113	145
223	193	121	128	141
208	215	218	154	150
173	117	110	176	140
229	207	162	243	149
215	133	130	121	110
200	104	201	228	110
216	123	203	194	149
236	155	102	107	145
188	146	159	150	157
131	107	190	166	112
252	189	162	206	131
226	188	150	172	144
202	173	146	165	116
202	188	168	183	109
234	117	124	119	154
200	141	162	103	123
198	162	155	171	114
174	195	206	119	135
220	197	107	253	150
247	114	185	232	133
235	187	124	225	154
223	112	205	226	122
220	122	153	181	126
184	156	189	139	100
222	207	131	197	115
122	121	161	178	111
131	153	132	104	105
185	201	202	249	116
169	112	126	175	111
167	210	136	121	150
252	110	179	162	141
114	164	185	208	144
107	176	142	254	115
228	128	122	174	150
149	131	185	211	128
149	183	168	123	155
229	159	143	215	152
195	209	159	202	148
139	199	136	134	149
233	186	139	181	115
148	210	160	127	104
146	186	170	205	155
131	107	124	133	155
250	131	170	138	148
170	102	197	159	111
245	179	162	130	106
246	119	218	213	106
127	150	175	195	127
242	115	155	241	113
212	144	203	138	118
201	111	171	232	149
120	183	162	150	143
133	128	206	108	100
99	116	215	142	106
151	151	148	101	108
103	174	168	146	143
190	199	174	192	152
126	125	116	218	105
103	191	150	124	141
181	206	178	103	114
191	183	133	161	136
148	172	136	206	110
251	133	139	213	146
241	123	127	242	118
115	157	164	234	157
250	122	218	158	130
222	174	127	123	150
226	189	116	191	139
234	188	178	222	123
194	146	165	235	145
195	205	196	251	103
242	143	124	99	116
215	108	106	118	119
215	181	193	251	116
118	117	184	184	146
205	201	203	189	137
169	185	117	235	140
109	178	141	105	113
222	169	158	216	126
108	139	107	168	155
183	116	207	117	148
172	127	174	174	126
221	178	119	221	139
170	209	185	245	134
228	125	201	149	128
120	187	101	196	122
202	142	211	203	120
223	178	177	224	118
132	118	151	183	151
206	171	180	181	122
137	214	197	173	118
217	137	174	253	107
176	131	126	118	117
152	135	118	228	136
236	124	206	241	125
214	130	124	175	154
140	168	211	253	136
164	138	139	206	114
185	181	164	143	110
212	192	199	114	116
227	134	169	125	100
197	198	121	210	119
164	128	119	171	129
245	123	160	223	154
198	166	190	152	123
113	99	104	204	111
119	178	159	212	99
161	184	156	242	104
140	186	174	248	117
144	195	100	226	147
136	200	142	123	136
197	112	129	138	148
100	103	127	170	137
154	105	174	126	117
212	150	180	159	157
152	134	148	242	133
189	152	204	209	100
106	184	190	256	102
190	143	157	132	125
111	188	146	129	153
100	157	196	179	156
200	186	205	117	146
235	218	203	214	149
139	214	206	255	140
136	162	151	257	144
186	132	152	218	150
132	121	174	146	125
250	198	155	255	125
164	117	203	221	124
151	128	190	206	156
197	211	207	193	145
160	114	146	244	131
126	162	184	221	126
108	199	146	185	151
169	136	118	181	128
174	162	137	254	102
168	115	121	237	126
184	125	197	141	139
235	209	168	142	138
221	196	204	142	107
206	115	186	193	122
110	195	126	214	109
124	217	105	194	147
155	180	206	141	138
158	111	208	138	120
173	141	115	214	102
215	170	145	235	132
189	196	190	169	120
164	212	210	121	145
244	174	188	143	154
105	192	100	128	107
182	199	159	222	139
227	153	174	118	109
148	218	182	212	135
149	116	130	100	141
123	190	136	191	102
242	148	202	179	107
230	196	159	127	105
194	122	132	146	135
186	156	200	103	125
193	204	110	255	101
223	170	106	145	139
230	186	126	114	158
111	136	161	138	139
204	115	110	108	134
107	122	130	167	131
246	134	176	208	156
104	104	185	256	136
130	109	185	254	108
216	140	193	242	114
109	168	99	209	139
214	174	202	226	111
238	135	132	159	130
110	162	140	243	117
152	184	155	128	107
204	217	211	149	139
166	199	136	118	127
204	151	142	159	105
237	153	99	254	99
172	194	215	154	157
155	143	191	121	124
221	115	208	257	147
173	205	202	154	107
228	131	199	139	125
99	135	133	214	139
229	112	161	123	158
140	139	218	252	112
228	160	99	194	105
192	190	109	158	132
181	144	189	206	156
225	100	196	175	117
222	130	154	174	126
252	147	210	253	157
251	113	204	201	113
251	132	113	254	138
248	137	149	211	128
225	162	209	212	112
130	145	183	138	134
225	119	109	133	107
174	128	118	212	132
212	99	145	140	121
221	212	200	100	146
250	203	199	210	142
247	137	124	105	112
172	191	153	238	99
122	132	105	179	127
241	125	176	161	120
157	160	130	135	144
147	195	133	217	123
178	209	209	215	109
118	181	120	129	127
178	185	171	113	143
197	204	165	241	131
173	107	148	188	105
177	184	182	201	114
140	173	199	129	113
241	161	208	136	123
245	123	207	148	100
109	178	115	119	131
196	158	121	193	116
176	201	201	163	132
225	172	168	249	151
229	217	126	147	126
135	131	122	139	143
143	126	202	114	117
197	200	133	186	146
238	131	199	112	107
194	106	143	149	156
198	146	137	196	135
214	189	191	223	139
183	198	105	113	153
120	165	215	151	152
207	189	165	149	142
100	112	216	183	126
213	152	99	148	136
183	169	180	219	157
203	152	99	114	124
230	162	203	206	129
172	103	200	229	149
175	189	182	138	142
170	177	184	152	124
206	190	104	108	152
232	188	200	153	101
132	213	186	136	127
202	172	181	198	124
250	144	168	191	147
229	145	203	214	127
141	211	131	214	146
121	114	190	173	149
147	164	190	168	138
252	133	121	132	116
198	139	197	153	101
243	127	156	144	117
156	159	180	144	116
213	121	150	148	136
187	168	185	155	108
102	116	214	104	127
156	212	100	246	151
158	113	107	203	106
222	105	145	226	155
145	137	149	185	150
203	159	144	221	118
232	104	130	163	115
188	177	205	142	118
228	102	186	179	108
141	213	166	157	142
238	198	162	248	103
104	210	211	216	137
174	126	110	230	148
189	112	169	250	132
224	193	186	173	114
224	128	200	192	143
209	106	195	258	130
125	194	125	141	146
222	116	149	222	132
161	140	133	100	105
223	117	131	245	143
213	132	163	128	131
231	174	117	141	106
241	179	168	110	137
181	132	146	202	140
190	104	193	150	142
171	167	185	140	103
148	108	153	106	146
210	161	157	151	142
225	152	216	168	105
168	207	190	235	149
191	109	207	122	143
232	175	180	155	157
216	109	131	173	127
149	218	129	224	146
103	179	194	126	128
156	137	188	148	112
143	191	131	113	158
189	118	217	168	148
181	146	100	150	112
124	180	132	130	103
221	107	136	161	122
179	218	142	188	138
222	207	193	192	124
150	133	201	211	152
218	188	144	254	130
109	217	203	148	126
100	124	203	217	105
145	171	122	251	122
119	99	182	170	115
134	167	153	132	133
108	129	119	172	136
128	142	198	228	113
200	120	115	169	104
166	106	162	226	145
145	153	199	194	139
154	135	193	120	111
140	171	151	144	129
106	150	208	101	111
246	134	99	125	153
102	131	152	123	118
173	136	191	220	111
133	168	121	233	100
107	194	140	100	99
166	170	214	228	140
141	122	106	164	143
112	167	156	101	134
140	125	174	168	99
175	176	109	181	115
217	211	125	258	137
211	159	117	113	111
111	128	134	138	149
251	209	210	141	155
130	202	167	201	149
245	186	202	141	126
248	201	114	213	156
187	102	151	141	143
200	164	195	161	135
235	111	126	216	119
138	179	136	119	115
222	205	126	249	135
167	145	121	134	104
228	135	166	146	142
173	141	125	221	101
151	198	126	237	108
154	173	160	107	127
228	193	196	140	122
144	131	173	199	149
174	143	145	241	111
167	138	140	228	130
163	142	204	130	126
175	160	104	164	148
178	110	178	218	148
152	109	164	241	105
133	191	183	146	134
246	151	119	225	136
112	197	158	212	137
252	102	201	255	119
121	157	192	145	140
222	198	203	172	113
110	193	124	222	127
192	155	139	235	139
172	191	105	219	116
154	190	119	152	143
122	179	146	119	143
176	123	200	110	107
141	166	127	171	125
240	170	174	118	146
187	114	206	241	155
192	142	212	199	119
191	205	203	180	130
112	106	174	171	104
124	113	111	137	150
163	162	129	157	156
200	107	204	169	101
138	135	176	223	151
136	136	168	237	145
140	132	140	110	144
143	196	215	186	147
129	185	209	228	110
143	118	135	125	104
215	217	108	219	115
142	192	199	203	145
222	108	135	192	119
251	138	138	141	140
249	146	179	155	103
226	106	120	142	127
190	194	105	250	106
235	208	218	113	148
117	129	166	194	144
159	114	166	243	158
169	156	119	105	122
207	118	150	221	153
111	123	190	124	111
207	153	203	249	157
245	128	179	200	103
128	170	135	255	135
100	123	193	143	152
157	162	171	184	157
112	114	216	228	107
112	101	119	221	109
204	156	131	212	139
244	140	143	160	154
103	186	176	175	136
149	123	183	128	158
134	155	154	225	128
109	217	215	150	121
221	161	133	243	100
136	142	169	189	106
212	114	148	235	132
122	103	164	125	147
119	150	173	155	147
180	167	180	119	141
167	163	188	126	141
125	195	127	178	100
172	123	114	164	149
252	161	162	159	106
234	166	218	166	146
179	206	106	110	126
119	189	166	139	151
229	136	196	180	105
237	142	105	183	152
192	208	215	246	136
153	195	108	176	107
116	149	190	102	151
157	113	175	249	144
213	99	195	146	146
174	171	133	258	110
157	204	138	139	102
169	142	118	166	140
213	109	206	178	117
156	122	121	223	149
157	163	113	107	154
159	190	104	107	118
182	129	114	101	106
248	218	127	139	144
179	100	104	150	115
214	113	197	238	157
106	183	167	149	100
106	133	105	157	141
162	156	147	126	148
178	168	106	129	151
132	107	180	127	134
241	101	125	137	158
142	198	125	253	151
206	205	199	187	124
242	147	139	238	149
105	179	210	115	134
134	118	159	218	156
177	191	186	124	158
204	217	119	255	108
204	195	192	155	145
116	152	191	144	156
135	202	149	215	125
136	143	216	127	114
153	133	162	212	121
180	159	144	233	112
210	165	196	248	152
209	104	154	214	130
185	167	151	199	132
242	102	215	101	114
238	140	132	229	144
141	202	134	100	120
178	162	176	226	121
228	164	201	129	133
138	157	103	103	121
108	179	131	155	122
143	204	176	228	105
125	118	120	224	132
167	171	137	193	137
204	146	171	200	134
210	106	162	256	150
246	115	172	240	135
153	128	156	115	155
103	120	171	189	112
150	103	169	150	108
114	179	135	99	150
122	207	131	156	113
127	210	199	105	140
139	151	204	136	106
245	208	167	209	135
166	142	162	152	110
194	111	103	253	114
104	164	176	186	144
248	100	118	220	121
147	202	157	149	109
187	197	127	104	130
125	190	210	132	104
209	204	178	139	137
162	201	205	118	148
184	107	185	102	157
125	135	200	183	135
124	159	143	244	142
189	204	170	177	109
130	161	142	162	154
148	148	176	123	99
222	110	217	147	110
138	127	124	113	158
108	176	129	142	136
216	162	142	147	116
117	205	141	182	156
146	116	202	116	154
210	151	122	222	104
170	115	133	192	126
105	157	131	233	134
164	119	120	158	99
131	172	181	106	124
166	184	170	163	158
212	176	103	230	156
112	147	218	214	114
137	185	200	174	138
106	184	109	131	116
178	164	134	191	144
113	193	150	197	122
147	113	167	217	154
109	113	143	199	158
168	117	178	208	158
158	163	117	161	133
166	129	130	133	122
185	108	116	238	122
192	118	105	179	152
241	206	180	106	109
207	111	161	110	141
203	218	173	229	119
165	140	132	180	144
177	192	125	158	131
112	198	186	188	122
237	131	133	249	127
100	196	158	178	127
248	112	141	246	156
249	111	145	217	125
231	202	159	243	132
233	215	187	171	116
184	163	184	197	140
157	132	189	170	144
210	162	159	197	120
183	166	183	133	149
134	132	215	102	156
128	213	106	122	126
118	175	113	142	124
115	109	163	247	110
183	176	173	203	122
101	152	155	182	128
129	118	213	125	130
146	201	205	201	136
106	180	152	193	108
207	145	161	153	113
210	197	119	140	138
206	186	99	178	104
170	133	180	136	119
209	102	141	240	112
184	146	133	225	117
120	104	133	230	108
218	125	123	99	153
201	190	156	123	121
219	197	156	255	102
251	183	187	134	145
249	176	134	128	147
143	143	194	236	135
216	217	150	147	107
175	187	205	147	121
132	182	101	141	134
186	196	117	229	144
152	104	101	177	124
249	188	189	148	147
137	145	206	174	128
242	216	200	146	108
143	195	110	187	123
159	209	211	229	152
246	141	110	240	156
238	186	107	238	147
131	205	156	200	102
238	175	172	130	117
164	153	105	126	103
166	123	170	228	131
169	205	109	103	145
250	130	107	225	115
152	138	173	207	154
153	192	138	153	103
177	126	204	223	145
240	159	161	207	99
192	216	156	133	99
111	122	125	138	158
224	125	130	204	157
248	191	104	226	102
198	114	175	157	121
188	216	166	160	109
210	142	109	108	134
166	207	146	199	147
200	160	167	102	118
166	125	150	156	105
221	142	108	129	133
189	211	104	256	110
200	193	123	183	109
107	203	135	233	105
148	197	194	194	100
233	99	213	238	128
181	150	113	246	156
162	150	111	174	152
164	143	218	172	114
227	99	167	248	149
127	122	169	258	117
124	197	149	105	143
238	133	150	130	112
211	207	100	257	140
190	163	143	100	120
135	144	110	199	148
199	125	164	219	155
197	214	209	220	127
147	108	152	102	107
106	132	198	227	158
161	135	129	223	137
233	157	145	236	114
197	165	132	191	109
115	117	190	120	114
183	146	149	227	130
166	137	149	215	106
237	180	157	220	109
227	126	153	200	135
220	108	206	253	155
128	181	173	105	134
208	174	171	120	132
192	217	109	205	110
193	198	181	105	106
148	157	203	157	100
237	190	197	230	101
103	123	217	184	115
141	175	174	232	125
208	119	127	243	120
244	159	134	142	104
238	177	153	228	155
179	113	169	152	118
222	133	169	174	103
104	99	151	213	134
181	211	121	253	151
170	101	215	243	149
180	165	180	187	111
130	206	149	107	137
144	147	190	122	103
217	212	127	192	146
163	128	149	118	106
128	126	197	186	108
194	146	170	156	155
219	109	141	155	156
199	154	192	225	141
155	125	154	179	120
243	158	153	174	143
175	125	109	237	135
156	181	170	222	105
243	195	102	108	100
169	153	111	157	122
144	142	124	184	155
168	196	211	205	148
248	109	114	166	150
218	216	102	133	133
163	127	175	204	122
208	104	211	226	118
118	169	185	170	130
173	148	159	161	131
124	207	177	175	140
137	101	114	115	130
110	163	135	111	109
235	215	173	217	129
224	152	102	118	99
204	167	193	206	115
118	104	159	154	126
110	112	126	114	138
218	108	211	208	115
187	125	133	247	108
197	198	167	151	123
206	201	213	212	108
250	187	203	192	154
107	108	154	140	150
227	132	179	187	118
226	158	171	234	139
174	120	192	179	154
234	142	133	229	143
134	99	190	164	110
156	144	139	138	123
191	120	116	247	118
252	147	168	221	115
192	209	127	150	108
175	137	193	160	148
109	203	196	247	152
216	124	208	192	105
133	173	201	129	143
230	208	149	132	152
108	116	213	229	129
192	147	140	242	114
116	140	113	187	132
150	199	179	127	111
202	139	106	249	142
131	179	210	123	125
149	111	117	180	154
99	172	155	256	122
124	121	154	184	116
100	123	152	188	150
187	215	187	178	113
125	198	158	110	103
220	187	116	110	146
227	218	215	156	140
153	138	120	154	104
194	114	218	242	137
113	114	167	236	145
111	174	171	176	128
130	164	122	121	108
166	179	106	208	106
180	171	100	113	135
202	150	100	149	142
249	177	108	225	108
143	215	144	189	131
237	178	154	237	125
113	132	107	137	117
203	137	212	171	118
148	144	130	164	156
211	134	189	110	123
187	214	175	202	130
250	174	196	99	138
198	218	160	99	144
122	210	183	149	110
189	108	110	200	119
169	131	113	256	122
184	117	107	241	107
166	158	150	247	140
229	155	161	165	123
114	127	129	107	106
112	168	122	172	99
176	205	155	165	122
141	140	119	199	127
163	190	193	110	136
112	156	188	128	112
172	173	218	109	144
143	161	213	115	136
184	128	109	206	157
237	171	168	128	138
202	215	134	126	154
211	166	199	213	132
101	167	99	134	144
233	119	120	258	121
216	183	201	126	123
171	189	183	203	138
176	211	209	193	111
178	150	115	247	158
208	126	102	184	141
142	121	215	212	99
104	122	100	135	136
191	170	211	113	112
232	108	202	208	108
232	191	204	175	133
185	104	131	152	135
136	207	154	180	121
193	145	122	172	156
117	195	109	183	108
223	108	111	111	153
162	124	163	208	144
200	143	173	141	154
216	146	211	180	120
116	165	132	253	138
196	167	110	201	131
133	182	173	156	132
196	183	154	115	145
201	208	188	248	146
177	207	127	187	138
152	163	191	175	152
198	192	187	231	154
131	179	179	155	148
222	136	174	167	110
252	176	110	228	119
206	196	165	180	121
231	186	169	106	107
139	105	141	179	147
202	193	132	214	105
223	137	101	136	121
222	182	130	171	145
117	100	218	142	126
128	173	212	224	100
105	105	189	188	103
231	108	147	245	149
191	199	117	215	108
250	181	137	170	131
167	210	121	123	157
104	149	180	236	100
159	169	148	113	143
176	183	179	197	141
237	168	197	115	156
101	116	113	220	121
114	155	217	246	102
176	196	139	135	127
111	157	192	250	102
122	182	190	209	125
237	209	161	250	108
236	108	187	245	128
247	149	172	203	137
111	167	175	174	136
215	181	212	175	108
197	212	130	128	146
112	116	190	110	131
197	152	181	213	127
103	177	174	123	130
224	162	170	105	110
101	122	194	210	133
107	150	114	166	104
126	189	138	114	155
244	143	218	167	129
201	206	205	212	157
223	166	216	119	105
212	174	120	170	115
129	144	186	255	137
188	203	135	204	120
206	147	100	172	120
176	178	148	172	110
129	110	185	171	102
132	187	175	101	156
166	99	130	104	136
164	125	159	168	139
146	193	218	163	132
127	110	130	150	139
104	150	150	99	125
201	171	192	221	99
152	148	177	211	123
134	108	164	164	151
215	139	213	116	140
245	216	146	107	114
142	168	112	258	107
108	184	194	209	143
136	154	141	144	131
241	176	160	187	149
217	186	101	225	138
106	142	216	174	120
207	154	202	242	103
208	141	176	160	148
116	218	194	183	158
241	101	208	102	120
244	100	162	112	157
123	210	107	208	135
163	107	130	143	146
167	168	203	214	106
234	129	141	170	123
132	116	140	103	106
144	200	115	238	99
229	209	214	113	101
121	209	129	171	106
234	172	136	152	128
234	114	160	119	140
179	207	169	167	131
132	114	126	207	105
211	116	202	179	158
125	113	195	222	109
225	100	117	215	148
191	145	169	224	136
169	177	139	128	152
139	140	130	246	119
180	167	183	250	134
249	157	113	196	101
176	204	210	181	152
149	124	167	162	153
225	155	120	153	128
144	154	104	101	99
204	197	197	151	108
118	177	187	245	127
112	104	176	222	142
170	181	188	198	120
245	136	110	191	143
168	215	193	173	105
104	129	169	104	132
214	129	128	156	104
192	162	121	253	136
114	102	152	186	139
128	201	210	99	137
148	134	210	178	138
232	137	137	207	155
232	147	149	189	99
147	192	193	204	134
130	125	100	255	136
180	146	187	105	107
178	142	177	140	136
150	151	103	187	145
244	162	145	249	104
201	197	214	239	117
241	188	108	183	136
158	154	150	190	158
102	201	195	152	149
149	208	190	213	140
141	135	193	180	151
210	154	205	253	121
219	179	184	248	117
252	111	174	224	138
164	106	129	223	115
130	202	175	201	117
116	120	195	196	125
186	122	116	143	119
136	151	116	208	149
183	188	135	141	157
100	165	108	235	153
151	114	208	184	127
149	210	170	139	101
165	191	102	252	146
225	217	156	253	116
250	192	177	250	149
115	204	175	156	99
179	160	186	181	150
207	128	204	204	144
159	172	216	109	139
173	143	117	99	156
178	126	204	171	125
123	150	102	110	136
133	156	173	230	117
239	108	133	165	122
211	179	112	101	131
170	183	141	252	104
193	103	149	193	100
203	205	139	128	140
102	116	185	190	115
228	160	107	236	134
110	145	171	207	145
155	127	190	224	107
167	200	182	104	142
137	211	203	99	118
139	106	106	129	130
111	117	188	175	116
198	128	104	147	130
193	149	124	200	126
156	162	163	210	114
201	100	146	189	139
108	109	125	246	102
209	150	115	151	153
199	167	211	183	113
102	179	168	198	147
151	192	186	257	102
150	131	151	141	106
227	135	141	134	113
164	146	114	105	147
171	184	118	210	127
218	164	184	226	139
250	179	172	238	99
210	170	118	143	120
153	169	172	225	134
235	123	165	169	122
167	141	164	171	117
227	154	130	114	121
141	153	191	224	151
232	118	201	110	136
177	166	158	172	121
232	100	161	177	115
227	172	107	228	128
232	173	173	121	106
228	212	109	257	102
111	184	131	231	147
137	133	117	191	119
204	119	116	226	141
134	173	119	139	154
141	195	157	132	143
101	175	175	258	125
155	115	138	257	153
192	211	216	191	130
220	179	120	248	108
174	177	191	254	120
163	102	175	174	118
249	195	134	132	105
174	117	156	211	138
199	167	205	198	133
186	133	131	168	146
219	126	106	169	134
198	146	189	176	106
198	180	163	245	153
209	142	118	157	110
241	149	205	158	128
120	129	119	148	111
203	150	159	210	158
231	202	217	239	140
106	160	100	231	100
173	203	198	211	117
121	108	161	154	106
170	196	152	140	99
216	108	192	244	134
247	156	107	149	107
153	141	203	124	140
173	191	192	240	99
117	160	188	180	118
120	172	112	133	138
217	119	140	166	114
209	183	150	234	103
229	129	197	173	144
104	104	162	101	148
146	193	111	155	129
173	129	106	254	143
124	178	192	118	107
165	109	179	128	101
212	136	165	148	125
221	119	137	153	104
136	126	200	134	146
121	131	187	129	156
241	173	138	207	108
186	139	140	199	149
230	170	173	160	117
245	127	176	226	117
155	167	173	174	102
172	184	192	104	133
222	108	154	128	132
170	197	210	191	99
106	191	177	252	122
199	159	174	222	139
240	203	161	205	144
122	169	218	224	104
139	104	174	204	149
202	214	176	229	137
119	111	151	183	113
207	191	144	245	132
194	102	157	226	148
172	214	137	138	153
115	123	188	169	126
223	190	214	127	108
160	181	107	119	112
234	173	167	137	156
129	112	212	111	100
112	112	157	221	105
245	170	170	147	147
146	120	155	156	108
164	211	201	247	103
238	175	103	162	111
156	197	152	192	134
147	205	189	243	101
122	147	126	239	145
146	154	111	244	146
188	188	138	236	100
236	198	218	232	151
194	188	169	210	99
128	114	153	195	130
137	205	199	236	123
149	182	143	123	138
232	139	206	121	102
108	215	201	183	117
230	113	118	253	101
115	212	123	209	119
160	183	182	185	127
107	148	204	220	153
208	106	214	173	156
171	137	200	216	119
209	183	120	116	152
140	118	152	151	116
236	196	191	108	151
223	134	141	258	140
211	121	204	137	104
184	163	133	218	99
177	100	174	181	113
238	124	127	200	147
245	117	121	127	133
109	173	204	110	107
221	218	212	255	140
124	181	152	242	150
133	167	146	117	132
223	204	156	152	125
234	216	194	199	133
121	120	206	192	144
150	197	118	241	99
196	168	159	233	117
187	186	173	240	100
143	167	162	161	117
121	108	166	135	156
141	158	192	230	109
135	201	108	114	134
235	206	203	202	114
240	141	168	243	123
220	168	113	189	156
240	119	149	160	135
126	135	108	134	143
224	168	172	108	126
134	140	196	111	127
204	211	208	169	139
239	102	209	119	156
248	146	134	178	135
114	134	108	234	141
246	208	193	171	132
170	126	180	150	118
231	175	125	255	115
140	102	184	197	157
212	129	218	248	108
187	181	204	146	152
138	178	195	149	148
165	135	172	203	119
197	173	160	217	134
243	158	180	245	148
123	159	193	243	138
241	184	155	157	134
185	114	132	159	129
199	113	209	226	122
175	160	119	119	117
153	162	130	203	99
222	130	120	101	153
251	217	199	222	151
108	185	175	258	131
198	163	192	103	115
244	167	125	116	102
225	197	134	138	113
221	114	111	242	120
102	134	107	149	155
180	211	115	188	129
111	104	173	107	156
174	202	122	182	116
156	218	153	118	144
126	168	156	197	122
217	101	174	140	135
158	197	177	214	134
157	139	116	104	158
158	143	135	151	151
154	122	129	166	107
202	193	104	187	153
136	129	206	203	141
197	181	137	182	144
99	213	218	112	152
249	209	168	198	139
171	122	201	192	150
136	149	110	255	101
192	195	147	255	126
154	170	212	137	115
208	127	104	165	148
228	207	134	211	149
243	165	102	255	155
114	133	188	135	121
208	158	137	123	149
182	103	159	245	106
133	133	126	128	99
245	205	145	177	112
142	174	170	194	141
249	158	204	221	131
214	134	170	120	107
150	164	178	129	138
252	181	213	254	126
157	103	160	215	123
224	214	148	141	121
189	128	175	104	156
230	117	170	132	104
190	169	216	147	133
206	194	175	163	101
110	129	140	117	146
143	170	103	118	102
238	158	157	165	158
165	165	172	193	129
145	149	198	233	129
217	157	141	244	131
121	104	178	240	142
158	196	165	116	129
238	177	199	188	121
133	205	161	147	134
190	184	217	102	131
225	155	108	123	137
221	108	146	200	101
227	142	107	175	126
154	209	120	255	109
203	126	189	130	145
160	158	202	161	112
123	147	122	180	112
208	159	109	142	137
168	162	129	245	126
129	217	108	230	137
219	163	121	137	109
220	186	189	175	110
227	124	109	239	101
197	179	211	203	120
170	187	132	236	149
110	108	214	204	136
99	176	113	115	100
160	116	183	108	121
188	189	216	252	138
103	132	216	194	154
180	170	122	126	150
165	208	145	208	124
226	148	201	198	138
185	195	188	170	139
241	170	99	101	157
214	217	196	231	156
246	184	210	119	128
234	105	119	182	142
164	147	117	131	122
182	137	209	243	136
197	190	187	173	115
112	111	132	123	151
102	132	194	204	147
246	148	158	175	126
174	167	124	178	140
105	161	199	198	148
194	210	178	127	135
107	151	141	134	153
178	207	142	253	131
101	212	192	220	141
107	207	124	109	120
210	199	210	214	151
121	129	121	189	121
215	196	169	177	143
228	111	125	223	147
126	109	103	127	127
214	205	133	255	129
208	112	181	149	101
242	143	143	226	153
99	130	123	178	110
124	125	107	257	110
219	138	211	108	109
223	174	210	164	100
241	169	115	220	109
176	141	168	187	124
242	137	159	256	126
203	152	169	226	116
190	103	214	114	153
189	168	176	232	128
151	104	145	109	99
243	130	197	172	100
241	120	130	142	151
235	163	110	219	116
232	197	176	161	133
204	195	193	157	142
242	148	158	257	151
231	216	133	220	144
251	170	128	141	101
248	208	185	116	138
215	161	188	124	131
102	142	197	117	148
161	103	202	231	122
175	115	126	164	124
135	214	159	151	136
247	169	116	223	154
137	191	140	186	156
177	137	163	214	148
233	186	135	171	120
171	214	167	182	145
160	161	145	177	139
205	202	209	177	136
151	111	217	222	155
115	119	126	196	123
171	147	136	99	121
176	136	127	250	149
238	205	156	152	148
224	151	182	234	121
209	140	176	139	134
208	190	193	193	157
225	115	174	185	146
232	162	135	145	115
173	217	210	141	140
182	180	179	139	145
164	146	205	258	111
137	141	199	121	149
111	99	187	233	144
181	154	216	247	99
185	104	125	164	106
214	123	156	221	126
165	106	199	192	103
165	132	166	230	124
185	148	144	135	114
145	153	180	164	141
184	164	209	124	158
107	100	175	246	105
234	208	149	234	127
153	186	113	151	137
172	145	169	244	122
250	178	121	218	133
175	190	166	125	108
144	199	202	211	154
167	150	198	224	112
243	116	171	124	115
108	177	208	258	151
224	168	132	176	137
236	103	158	105	117
191	203	201	210	114
145	190	135	145	115
215	120	138	191	113
127	133	99	235	152
118	125	186	161	129
99	140	215	105	130
119	196	109	248	104
119	116	152	239	132
211	107	107	122	150
168	208	109	100	115
247	210	190	167	134
159	118	183	134	154
163	107	195	238	99
182	205	119	142	150
217	175	201	100	152
122	104	217	198	131
234	122	202	180	121
182	134	120	109	103
150	186	156	181	131
221	201	177	179	111
100	216	168	150	141
105	177	145	196	157
142	212	133	245	119
201	191	105	159	118
234	108	167	125	115
209	106	208	104	117
105	119	123	223	142
155	168	132	212	132
106	196	142	255	130
167	144	180	232	109
154	193	207	215	107
202	214	149	251	131
223	139	150	253	155
133	178	160	197	140
137	189	138	240	142
108	116	215	137	155
206	143	170	256	127
168	103	134	231	106
252	109	166	251	107
160	108	159	126	121
207	175	186	178	132
152	203	162	197	115
184	182	143	178	121
241	168	157	113	101
150	166	128	155	125
107	145	178	186	132
168	155	122	141	150
185	150	158	156	158
238	179	199	126	154
182	156	154	198	102
108	158	128	130	122
186	204	104	179	122
102	117	201	235	144
246	189	193	220	103
203	112	151	101	152
131	139	139	140	99
118	114	155	253	142
179	207	104	122	142
155	124	130	241	158
127	117	136	221	135
237	152	183	254	157
230	143	205	248	102
248	135	153	217	143
187	101	203	142	112
144	104	180	154	134
246	107	122	171	111
179	198	199	134	145
115	136	183	135	131
100	216	153	241	151
151	120	133	132	155
200	201	186	153	107
116	164	191	197	158
154	209	148	107	100
126	148	131	171	130
109	140	191	251	119
202	109	107	156	149
233	138	175	138	129
236	195	165	108	120
153	210	216	255	134
125	135	145	140	155
145	175	128	137	119
166	175	111	194	123
198	170	122	113	125
198	157	168	175	110
198	128	213	118	156
143	145	214	168	156
197	139	188	111	101
214	143	155	131	100
133	142	183	137	148
198	170	172	152	141
138	132	175	255	125
210	157	158	236	153
181	191	141	249	111
174	152	122	156	147
197	136	200	109	114
151	169	153	103	144
252	116	136	104	142
136	206	103	173	148
129	200	176	180	111
184	101	141	226	149
113	198	199	185	144
236	117	143	245	119
249	136	158	249	126
191	146	211	229	137
173	153	180	162	152
214	115	202	238	153
251	216	185	180	110
220	127	187	166	122
192	203	103	236	126
245	161	183	204	139
133	167	216	162	158
209	181	109	175	124
168	163	173	210	125
120	161	134	158	122
125	119	141	175	127
111	202	172	235	107
237	173	186	159	137
235	103	124	213	147
207	149	117	185	146
114	124	99	218	146
249	172	172	166	121
112	208	167	219	131
142	198	213	221	115
249	213	141	249	106
244	207	149	173	100
125	164	218	184	152
139	172	110	246	114
119	187	133	210	151
213	157	159	241	126
151	113	185	220	152
213	167	120	152	158
240	182	178	162	152
192	142	127	194	125
151	132	211	238	108
222	199	195	210	144
151	124	150	158	148
206	136	172	114	120
155	115	132	112	149
110	99	181	224	113
169	120	138	131	125
190	121	107	157	142
103	202	162	108	155
230	146	143	255	111
120	210	127	209	105
145	106	140	157	110
161	215	174	195	106
164	141	141	206	108
141	177	159	170	157
136	174	144	128	115
105	186	160	233	128
116	163	187	139	148
121	133	171	201	135
220	192	206	179	107
178	146	116	189	132
232	151	138	152	155
143	126	196	166	128
231	210	159	220	136
243	178	204	102	143
195	184	113	100	137
126	109	211	175	133
160	195	209	127	129
123	114	154	103	158
242	134	137	138	155
244	117	182	222	133
132	128	118	232	136
210	123	101	146	106
126	129	176	178	152
140	202	217	198	151
187	200	129	103	150
160	156	205	231	131
156	189	103	247	147
134	121	186	222	107
178	150	125	213	154
190	103	207	122	143
171	122	140	106	126
137	180	123	256	104
101	131	212	111	136
105	136	105	142	141
232	196	148	229	141
233	119	118	233	154
203	171	103	228	120
251	160	141	205	128
170	159	191	227	152
179	135	215	191	108
156	110	182	101	100
177	106	150	103	132
196	139	130	254	154
162	141	118	224	141
248	215	196	139	157
208	171	129	143	138
139	211	165	120	138
113	190	134	191	146
231	153	162	196	158
152	119	109	238	112
110	189	117	174	105
162	185	179	226	127
197	166	155	176	145
242	110	173	155	141
137	193	212	173	130
233	119	188	101	100
179	203	206	248	135
153	199	163	109	158
150	153	178	125	119
142	144	105	130	121
209	202	206	192	154
237	162	126	194	135
233	155	166	114	132
203	139	173	250	138
121	174	122	150	135
220	123	168	213	139
243	117	191	184	122
121	180	215	181	114
172	193	104	195	158
239	162	106	107	153
143	206	203	150	132
252	102	165	122	153
209	148	118	119	143
104	166	111	163	155
137	204	164	248	103
146	124	154	187	138
220	182	192	239	100
161	166	122	142	104
172	157	145	258	124
206	110	191	141	100
236	210	123	119	112
154	115	186	195	143
160	180	118	113	125
213	182	166	237	143
214	167	129	250	149
203	138	174	205	127
146	187	100	192	99
152	117	144	130	116
233	190	136	165	102
110	159	135	129	141
215	134	208	111	150
239	117	104	254	158
156	166	115	188	145
180	192	142	244	109
123	156	148	241	144
118	199	105	154	137
156	175	183	234	150
107	142	216	115	108
198	143	162	113	120
136	166	128	214	117
115	161	201	199	125
240	181	159	164	110
104	159	214	126	145
238	108	148	244	124
108	108	113	155	108
248	218	128	223	149
190	194	198	210	141
134	196	158	120	103
108	135	182	163	120
215	104	121	152	135
199	113	159	162	135
252	189	136	136	127
247	143	117	177	110
244	119	121	225	140
207	160	200	194	111
209	111	134	124	114
121	169	204	122	128
156	184	141	194	129
101	167	212	154	140
209	130	165	208	148
126	182	159	112	135
233	171	133	145	158
211	178	124	148	116
127	212	147	128	109
221	199	141	130	154
197	186	130	159	156
132	103	206	202	134
249	183	167	149	100
103	216	118	207	142
168	177	112	167	144
142	213	188	230	135
249	159	177	115	102
192	215	165	149	116
188	136	141	160	151
102	198	164	227	101
114	160	130	167	149
251	113	127	177	106
154	177	105	222	133
157	176	155	177	144
195	153	149	177	147
149	138	122	228	147
211	142	175	235	126
138	194	186	194	120
105	143	136	147	112
139	123	163	121	106
122	191	154	137	124
143	120	112	123	113
159	162	144	125	110
229	112	122	189	135
234	135	112	132	124
194	191	216	145	125
104	116	140	227	127
206	132	192	104	135
238	205	201	232	146
126	193	115	253	128
230	186	184	138	130
168	120	154	142	129
228	156	205	244	118
226	147	150	138	131
175	135	129	227	101
171	177	175	158	116
104	169	104	240	124
217	153	185	101	135
244	181	108	130	115
130	102	200	162	120
133	154	150	129	113
251	125	211	128	147
240	128	101	149	106
199	117	210	221	152
154	138	128	198	122
194	174	169	257	145
105	130	182	222	133
161	149	162	200	144
122	181	201	151	135
201	102	170	210	132
113	118	159	126	138
104	218	151	185	112
230	176	172	192	120
227	101	154	155	152
228	169	117	254	140
158	148	113	246	127
187	183	156	145	128
208	167	148	205	120
220	113	148	187	145
177	200	154	148	111
171	111	201	184	116
130	170	202	246	99
123	145	163	138	106
230	173	157	106	146
247	127	160	197	121
121	122	189	247	106
99	210	100	102	109
115	164	212	132	123
140	133	130	164	116
195	126	206	106	134
135	159	151	102	107
202	181	128	137	102
189	208	124	167	136
135	178	194	157	147
131	177	160	216	109
138	184	100	241	111
120	105	131	101	150
185	147	182	125	114
218	115	167	249	122
181	150	212	106	153
115	176	206	155	101
167	160	169	253	128
240	217	178	141	127
251	179	205	255	157
166	107	160	224	101
111	189	143	126	153
190	145	173	203	155
99	179	155	180	153
220	144	148	204	115
156	189	202	246	139
213	209	137	209	113
174	136	118	146	137
213	130	212	180	155
144	104	218	207	99
115	209	155	179	127
143	193	140	142	156
196	133	138	221	104
182	103	106	116	144
146	212	158	214	143
107	158	194	171	137
150	179	187	233	106
188	111	164	108	153
162	111	107	176	157
201	182	149	127	145
111	110	216	165	132
126	175	108	184	148
223	156	156	212	116
233	146	127	228	129
136	210	138	220	129
153	154	194	103	119
143	190	216	105	116
162	174	170	243	114
161	133	164	198	137
227	134	174	201	140
247	143	113	194	141
141	140	183	193	115
179	112	107	177	125
230	111	134	196	126
147	157	164	223	128
147	207	127	218	131
154	114	218	208	151
188	152	142	233	150
124	180	138	131	124
172	215	104	148	109
155	204	134	213	116
131	197	110	209	109
187	120	186	250	147
186	215	150	142	156
140	158	207	256	128
205	149	136	152	137
243	172	180	168	122
107	198	136	166	125
184	195	196	164	124
214	120	101	148	110
186	153	121	153	112
205	157	198	168	135
159	131	133	202	109
207	215	152	239	154
164	100	141	221	130
143	195	156	134	139
224	186	194	170	125
242	114	153	215	111
156	133	99	253	135
234	206	117	242	103
206	154	214	235	114
167	120	171	100	129
221	175	128	256	124
224	118	191	130	149
205	123	168	233	139
225	99	102	190	100
171	188	190	135	122
169	102	132	234	105
250	217	217	246	134
124	139	166	126	134
220	104	144	195	151
234	160	203	247	149
245	206	114	157	147
142	158	160	235	104
156	117	133	163	109
155	193	194	214	106
126	103	208	235	157
190	111	214	197	134
181	205	127	101	131
160	194	155	211	101
130	171	182	242	113
155	167	217	116	115
200	177	165	195	153
247	124	135	169	137
176	174	160	127	150
194	127	119	249	117
132	137	182	241	114
157	205	122	211	128
170	193	208	176	125
99	216	189	162	100
113	169	191	186	152
152	171	122	141	114
248	99	131	109	121
188	170	132	147	102
235	114	106	109	127
211	141	192	102	137
207	141	153	230	131
252	146	158	243	132
246	118	104	136	149
147	132	207	149	132
176	176	167	104	106
226	201	106	157	129
230	148	132	231	132
200	122	144	217	148
145	129	206	124	158
170	101	130	99	126
167	215	144	109	132
104	149	168	152	103
240	130	193	103	119
170	189	105	188	124
157	116	132	161	110
147	171	139	212	145
157	120	195	208	154
226	204	215	190	145
220	112	209	128	143
190	146	176	107	139
152	213	158	220	112
132	182	169	168	152
196	156	110	244	105
114	99	144	141	126
200	110	210	156	148
232	99	213	151	128
229	163	117	153	139
113	106	153	185	102
131	129	157	132	103
214	134	127	196	129
162	184	126	175	144
240	188	152	201	106
116	163	180	180	135
231	215	157	100	155
109	121	120	137	125
150	133	107	252	122
120	180	176	182	126
223	193	193	204	123
162	159	193	220	140
240	175	158	104	149
193	111	160	131	105
173	197	203	226	109
128	128	117	100	108
176	161	183	126	154
125	163	166	190	132
198	142	115	256	109
186	125	181	115	141
208	152	182	112	138
220	140	173	231	130
114	128	218	220	116
189	133	122	244	100
171	205	197	253	133
237	124	216	101	127
167	130	176	101	104
157	160	126	217	113
171	184	122	189	103
175	104	133	151	122
145	169	158	108	116
234	186	170	219	108
234	143	148	238	114
161	163	108	233	125
226	201	112	132	153
237	153	190	153	121
162	190	171	223	126
193	182	107	151	127
123	191	181	235	150
105	186	141	185	138
179	197	143	201	156
217	146	172	169	127
121	189	184	136	144
114	164	111	102	145
127	132	206	226	108
112	103	189	110	128
226	128	149	101	137
123	152	194	151	155
216	172	165	100	158
178	128	216	168	114
114	173	159	142	129
234	154	205	245	154
197	181	201	209	152
124	151	187	140	123
191	166	165	190	146
234	146	102	169	156
173	162	210	202	127
178	103	190	200	133
181	197	169	242	126
225	173	190	189	124
225	113	121	159	133
189	120	150	133	106
186	181	106	233	115
103	205	150	185	108
144	111	139	196	128
138	184	102	129	147
191	136	101	171	157
142	163	161	235	127
103	209	125	143	128
114	209	99	113	111
132	113	104	117	140
126	182	119	226	132
249	208	160	137	108
224	194	154	219	117
112	131	181	118	157
138	159	133	197	147
245	174	131	202	105
187	121	177	117	146
166	156	105	100	148
216	152	142	115	139
115	196	125	174	112
149	173	163	173	138
212	216	179	108	101
175	197	154	178	152
174	211	183	140	115
176	217	182	241	128
206	180	155	137	148
149	156	106	172	129
150	217	155	101	109
245	208	139	191	128
190	137	110	115	147
224	197	184	229	139
182	168	112	108	132
145	136	101	171	151
160	114	123	162	136
201	193	120	195	133
209	148	158	224	144
235	181	137	146	135
179	110	192	124	136
231	168	123	104	128
143	100	167	232	106
190	126	167	250	117
171	174	126	138	142
209	196	211	140	115
118	106	121	160	133
158	105	203	120	125
209	133	135	194	100
214	198	146	166	110
252	148	100	256	106
218	204	212	202	124
243	199	216	201	104
137	218	218	209	138
198	145	99	190	156
199	103	138	224	115
205	134	171	225	157
165	114	153	137	104
177	211	126	155	117
170	168	196	239	114
155	111	203	229	117
103	117	216	125	147
149	155	173	167	156
236	211	193	109	158
198	174	216	139	127
124	128	137	256	138
175	138	155	156	103
222	130	155	188	157
137	148	188	127	129
206	212	130	131	113
238	217	150	246	117
165	212	184	193	114
136	215	179	104	139
252	133	155	166	111
117	107	152	201	157
211	180	103	176	108
114	152	158	229	112
215	146	216	174	122
174	194	169	193	115
239	108	186	138	104
199	117	121	143	141
235	106	203	142	154
159	153	142	245	114
137	119	187	243	113
223	127	99	168	140
130	149	114	147	110
159	102	179	181	139
175	177	176	110	101
137	120	154	133	148
246	180	147	219	136
178	187	132	168	104
159	151	158	200	133
240	163	187	220	146
191	115	189	131	141
167	106	122	177	114
243	102	130	232	119
151	100	106	207	142
115	147	170	210	147
212	125	180	183	135
241	143	100	118	127
131	155	149	195	147
223	160	161	118	144
154	169	133	228	140
181	149	101	111	156
246	215	108	136	127
142	201	208	207	123
151	106	204	99	101
112	126	110	179	138
150	168	177	191	102
217	152	145	214	148
128	122	215	180	108
178	137	179	132	158
151	155	199	190	148
153	129	212	135	156
247	210	197	143	125
209	171	136	120	119
100	195	159	195	105
99	105	109	162	147
142	135	104	223	104
197	204	159	155	131
159	163	217	217	99
179	212	188	145	156
211	129	129	124	108
242	172	205	253	150
239	101	176	121	111
192	145	114	254	120
220	120	140	208	142
136	151	162	139	106
103	130	170	114	106
231	173	161	253	105
166	110	113	117	122
130	140	143	165	105
212	177	156	206	155
249	154	112	222	114
162	128	204	256	112
182	203	199	217	141
166	120	177	252	145
172	163	101	120	114
146	142	194	168	149
101	172	177	114	131
229	178	139	239	153
142	107	123	225	128
120	114	108	230	111
147	119	175	207	126
129	197	154	151	155
203	143	176	227	139
221	125	171	252	133
204	214	188	197	138
190	205	132	175	100
184	103	103	235	142
186	118	146	200	133
213	182	151	111	105
185	185	135	113	108
119	107	177	216	123
235	189	207	117	153
128	206	148	237	156
210	112	133	244	138
164	179	179	217	157
205	159	103	198	117
179	204	111	123	124
175	104	126	223	144
155	124	134	233	135
179	116	176	248	101
252	125	190	244	151
228	215	205	172	134
110	197	196	153	142
186	111	176	140	129
169	123	112	118	102
149	185	138	169	119
117	209	200	247	142
227	196	203	154	125
212	119	183	219	111
203	136	200	212	120
209	212	168	154	136
249	215	126	148	122
173	184	123	200	124
208	116	171	165	154
246	187	208	143	144
137	206	157	247	103
107	146	125	131	155
145	111	156	255	145
100	190	155	218	132
130	216	166	127	100
242	202	107	213	117
198	212	177	158	118
244	153	104	142	118
234	218	181	205	139
234	169	108	144	111
116	125	204	224	146
195	214	141	193	148
212	154	180	231	109
228	161	181	161	107
153	180	145	246	125
225	216	136	223	103
136	123	108	120	140
195	138	134	255	144
219	108	217	246	118
123	163	185	166	124
109	202	122	166	137
120	182	199	146	125
208	143	110	111	127
174	139	107	154	130
156	113	112	170	147
190	163	179	102	146
141	135	170	220	117
192	199	110	249	121
188	183	109	256	156
100	127	181	106	118
225	145	110	147	158
228	139	209	202	149
245	135	107	203	150
213	211	114	102	113
210	129	197	101	120
215	180	149	143	145
135	118	179	230	99
218	128	188	243	129
154	154	117	238	152
229	177	134	101	154
149	202	153	134	112
238	106	142	249	137
166	110	157	167	100
252	118	169	243	121
219	177	200	232	118
199	136	112	172	123
169	156	182	106	105
233	208	103	119	114
146	216	153	157	152
210	148	159	127	118
199	160	135	234	145
223	159	207	189	133
171	214	212	221	136
245	165	205	180	119
251	185	182	115	116
114	102	172	178	146
164	178	135	146	117
202	169	210	135	104
251	217	113	129	138
148	130	122	200	145
220	142	185	103	138
178	129	113	174	103
206	125	155	181	112
130	194	99	155	140
177	185	170	170	148
165	125	200	124	154
198	181	202	109	135
122	210	173	190	127
150	151	157	189	147
213	100	111	148	140
138	112	211	121	119
240	209	191	158	108
110	124	129	191	156
234	160	115	205	109
155	136	130	122	108
214	207	200	241	135
144	199	142	199	155
151	211	163	234	106
208	189	103	101	139
212	171	160	223	133
208	170	215	252	151
197	104	213	155	157
125	132	115	149	128
225	188	198	214	115
217	104	193	241	149
118	153	177	230	112
109	129	138	165	147
99	112	163	149	128
185	185	143	178	125
199	164	118	227	120
159	158	180	171	150
233	168	183	119	133
138	138	204	145	123
200	176	114	110	152
130	158	147	216	99
251	183	101	149	114
208	185	123	235	111
179	100	206	148	150
214	106	167	106	145
218	184	146	214	141
142	164	168	129	150
182	133	148	207	100
166	194	180	153	100
238	192	156	114	129
228	119	151	199	128
149	191	160	128	144
191	104	138	110	146
124	162	163	124	108
176	157	102	246	131
236	177	99	247	141
104	211	116	184	131
225	193	164	161	139
183	192	200	156	124
129	193	199	205	141
184	106	216	152	127
165	101	203	204	153
192	103	213	164	153
129	159	173	191	144
125	141	206	153	133
236	100	118	142	109
181	156	152	203	124
122	102	119	214	99
204	207	130	218	146
186	111	143	213	120
102	137	164	168	111
192	143	121	183	109
113	166	215	251	127
140	112	145	164	142
161	203	115	134	152
191	133	187	251	152
237	187	115	165	108
140	162	108	101	129
166	134	119	151	141
103	206	203	154	119
246	191	106	152	118
252	165	188	136	132
191	144	184	257	110
204	210	108	129	132
129	210	177	134	125
228	128	210	209	139
159	199	146	113	143
151	124	105	100	100
158	161	123	103	127
141	122	174	158	119
251	189	157	108	135
117	217	136	184	119
183	104	123	147	125
123	116	131	110	138
205	201	100	147	133
181	183	122	191	141
173	172	194	118	146
149	190	176	223	152
141	162	118	122	127
102	170	175	149	111
172	201	161	236	102
133	198	199	240	128
124	166	143	134	114
205	178	150	172	146
145	181	181	158	108
196	157	180	173	146
129	143	104	247	129
112	197	216	123	137
199	182	111	233	121
196	129	212	100	152
142	175	102	252	155
233	102	111	131	99
106	118	215	163	149
146	145	191	217	144
162	174	188	163	110
238	217	133	150	114
192	116	196	183	135
180	170	139	257	124
166	192	135	126	113
181	111	158	223	111
229	209	169	116	114
215	142	168	221	112
135	217	127	142	110
248	178	125	254	118
136	154	150	208	141
157	137	109	143	127
230	174	146	162	151
170	200	135	208	154
203	106	160	225	102
123	207	205	125	100
133	137	115	165	150
188	207	199	108	104
221	188	215	212	109
125	189	191	116	149
248	150	195	246	157
176	216	170	131	132
190	116	145	227	102
248	124	194	188	147
179	112	217	208	136
248	112	163	113	121
230	156	107	141	149
177	148	177	191	143
147	183	154	131	129
124	153	145	213	147
127	152	209	173	99
141	129	199	132	117
130	201	217	254	146
130	205	100	109	109
252	170	190	238	130
123	184	204	185	136
150	108	183	117	138
201	168	102	181	145
108	201	143	112	112
193	168	119	224	108
169	190	196	101	123
219	177	172	102	148
214	137	207	146	149
172	140	204	178	132
244	151	214	226	156
146	164	124	174	124
162	143	170	219	122
163	153	101	254	147
190	193	175	199	146
99	126	162	257	100
232	114	150	150	148
214	164	202	131	132
114	125	214	223	109
225	113	121	151	140
165	164	149	124	101
114	151	123	203	142
231	118	218	107	130
126	135	160	240	115
217	202	113	213	158
217	127	99	246	140
242	133	153	137	154
103	200	105	170	112
196	205	159	109	142
245	166	134	106	149
246	162	214	255	110
146	215	213	195	132
203	196	156	231	130
132	128	173	123	118
145	165	217	150	124
158	206	156	111	101
225	142	123	218	134
198	163	188	140	124
195	143	218	128	133
213	103	122	198	138
173	101	186	200	99
206	154	161	236	119
242	115	194	127	99
171	168	193	188	138
115	157	186	164	129
166	192	101	235	104
219	107	195	247	121
221	218	100	227	137
241	140	192	139	140
205	159	115	106	120
99	159	111	240	108
235	118	131	208	106
205	117	173	197	119
228	209	100	176	147
236	162	168	228	100
228	109	118	157	129
155	111	185	126	127
216	127	132	203	133
243	105	147	145	113
247	190	216	114	156
107	119	137	211	144
199	209	101	231	118
157	157	198	202	151
154	209	197	152	150
153	135	165	163	151
160	162	183	230	109
161	181	131	213	119
222	186	165	125	129
109	179	122	245	134
102	140	163	152	102
202	156	102	211	105
193	102	166	121	141
119	119	207	210	137
215	206	107	148	99
183	172	123	138	145
176	150	143	120	132
184	181	162	153	136
163	140	152	177	106
187	137	150	210	150
104	157	189	197	99
215	129	118	238	149
172	142	183	101	127
114	203	164	113	107
153	135	115	156	156
178	177	199	152	117
193	185	200	239	124
149	103	163	147	116
178	127	134	242	144
140	204	123	114	151
150	174	215	204	146
248	116	193	148	131
110	214	116	101	103
132	105	168	238	132
226	120	176	171	128
154	114	173	131	154
102	214	215	233	123
213	152	155	246	152
168	151	205	186	128
250	128	159	244	103
146	141	204	223	120
164	106	108	180	116
150	120	113	132	120
228	214	145	142	121
160	190	130	229	117
128	217	130	146	109
152	142	192	202	99
219	137	164	248	109
194	144	217	238	138
149	131	149	239	135
197	173	144	166	118
195	168	128	136	157
191	196	102	106	100
247	134	162	226	141
106	149	193	148	146
228	124	213	230	124
243	181	153	168	146
109	103	148	153	129
237	147	218	161	154
213	205	124	167	127
221	177	200	250	112
218	138	200	137	151
150	156	137	157	139
127	195	166	215	122
191	104	182	236	105
150	132	130	122	146
218	216	130	186	133
142	117	197	132	146
228	174	110	217	116
238	171	163	99	147
103	211	113	256	138
240	123	168	240	156
204	114	134	187	100
151	152	125	211	115
191	101	197	254	112
107	165	120	215	153
162	216	107	234	128
234	149	158	114	104
135	156	100	111	141
209	174	201	205	114
160	151	123	169	141
183	150	216	133	127
128	111	151	182	112
118	120	135	204	157
141	106	182	172	146
168	208	105	126	144
161	185	207	142	112
176	111	120	148	144
199	170	190	253	121
249	101	185	144	99
240	162	191	152	111
236	180	101	258	120
109	103	141	244	136
228	192	124	250	127
132	127	215	222	154
172	147	111	160	147
155	103	183	245	143
185	185	215	170	123
229	105	192	157	151
221	213	177	212	139
119	177	202	206	149
101	117	144	117	137
165	134	215	140	154
177	150	182	223	102
246	114	147	257	122
100	106	164	200	104
227	144	174	149	156
136	177	215	128	134
236	107	112	124	132
134	163	108	258	136
238	101	195	216	129
191	102	105	185	122
243	199	199	142	149
155	111	193	182	99
213	182	122	176	103
131	159	207	127	135
160	168	118	185	107
115	108	131	163	143
205	133	144	244	121
160	144	168	173	128
251	155	134	205	124
103	161	163	155	131
198	128	116	179	141
123	146	130	190	138
209	217	133	144	101
133	104	120	242	134
125	113	173	131	137
144	204	215	178	158
163	211	172	253	119
212	177	170	193	101
251	149	136	242	131
230	197	162	105	147
190	173	205	249	142
195	100	173	181	126
219	197	114	114	145
219	188	161	186	154
232	134	101	163	144
243	206	117	163	111
143	120	206	193	121
213	171	183	211	117
177	188	214	186	147
205	174	176	115	120
122	162	110	240	128
123	153	118	253	121
126	186	181	193	141
116	165	210	140	106
194	145	177	235	154
183	189	133	114	104
182	199	103	164	149
182	113	142	216	121
117	218	187	142	127
185	196	132	254	113
126	127	135	152	125
240	181	138	188	138
134	101	117	117	106
203	109	178	178	108
228	153	112	119	142
232	114	201	99	144
154	99	212	108	110
246	198	208	191	156
224	201	140	160	128
188	197	208	162	101
177	104	172	228	125
249	110	165	125	157
190	208	183	104	150
196	170	216	135	102
121	191	139	112	127
114	202	117	163	100
223	118	177	172	99
234	184	135	257	145
242	188	186	122	158
139	118	163	142	100
150	141	158	151	138
237	184	187	119	131
149	138	141	232	109
162	177	206	218	132
220	110	188	123	100
174	202	201	117	156
181	153	193	162	136
166	156	132	149	143
118	100	197	237	106
102	118	159	241	127
176	211	145	172	128
114	163	121	222	138
224	184	187	164	99
229	109	110	162	133
141	190	204	192	117
154	112	186	182	133
245	187	189	103	117
108	143	137	104	105
139	144	155	233	156
149	138	152	153	104
116	129	121	118	109
192	206	116	101	112
163	199	107	156	102
121	116	189	193	151
138	151	115	246	124
180	167	127	166	141
200	116	147	192	155
108	204	213	174	125
134	160	175	169	127
181	131	161	230	126
153	105	188	143	120
241	191	208	161	119
134	193	193	171	128
230	136	211	188	140
211	171	186	256	131
232	102	101	167	130
217	161	206	143	127
171	142	127	238	117
148	125	160	223	123
227	108	127	159	123
223	202	162	175	138
112	154	122	229	124
138	165	134	181	109
229	174	131	173	102
208	147	111	205	133
164	181	137	226	120
148	216	193	163	145
250	135	102	106	120
214	114	214	143	151
128	197	130	180	154
244	157	192	162	112
199	134	208	194	143
178	168	137	204	104
186	118	158	174	118
178	215	207	204	101
158	209	117	142	150
209	140	150	128	117
185	176	169	245	153
231	137	167	256	135
202	120	161	171	143
222	132	137	222	145
138	113	131	255	106
230	207	148	135	113
155	154	149	101	100
138	198	206	102	99
191	201	213	247	133
197	142	203	134	128
214	173	204	157	122
121	177	103	111	147
228	99	187	206	124
110	186	115	252	121
116	209	204	188	131
147	104	181	212	121
158	213	170	115	108
204	138	183	107	149
230	208	173	114	123
137	119	203	147	143
150	161	167	165	158
202	186	165	206	108
185	106	147	99	152
205	208	202	163	128
167	158	167	234	116
139	200	190	125	102
114	147	149	230	124
156	155	174	258	144
238	100	205	126	144
230	192	216	113	155
152	120	154	218	148
99	103	194	140	143
222	106	127	224	119
104	177	209	144	107
100	184	201	124	144
108	212	202	213	100
202	107	187	115	102
109	115	190	129	150
